37.789989,-122.388516
37.771947,-122.386596
37.771153,-122.386211
37.771479,-122.386415
37.770537,-122.387466
37.771184,-122.388737
37.770641,-122.388575
37.770368,-122.387356
37.768828,-122.387489
37.769005,-122.38831
37.768514,-122.387912
37.76874,-122.387724
37.767476,-122.388222
37.766278,-122.387944
37.76784,-122.386604
37.767247,-122.38649
37.766405,-122.387208
37.76614,-122.386232
37.766863,-122.386737
37.766853,-122.386364
37.765494,-122.386639
37.76333,-122.3886
37.76381,-122.387759
37.764262,-122.387711
37.768569,-122.38652
37.768133,-122.38686
37.770116,-122.386705
37.768699,-122.38668
37.761224,-122.388508
37.760815,-122.387693
37.760781,-122.388508
37.760507,-122.38748
37.760705,-122.387406
37.760654,-122.388363
37.760624,-122.38789
37.760724,-122.386078
37.760732,-122.386544
37.758225,-122.388534
37.758033,-122.388576
37.759671,-122.388209
37.758154,-122.387259
37.758962,-122.388572
37.757887,-122.388111
37.756419,-122.388297
37.757538,-122.388432
37.756644,-122.387995
37.757325,-122.388067
37.756829,-122.387991
37.756177,-122.388362
37.807557,-122.426345
37.809146,-122.430639
37.81006,-122.422614
37.810223,-122.422862
37.808138,-122.426785
37.810539,-122.424501
37.807625,-122.428179
37.807789,-122.427766
37.80812,-122.427382
37.807809,-122.428834
37.808058,-122.427634
37.807882,-122.42921
37.75487,-122.411978
37.754384,-122.411966
37.754908,-122.411315
37.762665,-122.421246
37.762618,-122.421857
37.762936,-122.421498
37.762532,-122.421605
37.758837,-122.41672
37.760206,-122.417181
37.758826,-122.417631
37.759507,-122.418331
37.760221,-122.418364
37.759242,-122.415767
37.758792,-122.418118
37.760035,-122.415802
37.758713,-122.420502
37.759068,-122.419077
37.758306,-122.418883
37.758667,-122.419697
37.760132,-122.419535
37.758824,-122.421149
37.758527,-122.419702
37.757992,-122.418922
37.757968,-122.421132
37.759272,-122.418732
37.760025,-122.419944
37.759665,-122.418639
37.758641,-122.418505
37.758707,-122.419307
37.75975,-122.419309
37.758511,-122.420027
37.759865,-122.419094
37.759297,-122.419067
37.755471,-122.415427
37.755671,-122.413598
37.755776,-122.414707
37.756519,-122.413288
37.755869,-122.41359
37.756419,-122.414352
37.755652,-122.414271
37.755742,-122.414954
37.755756,-122.415357
37.762976,-122.420799
37.762999,-122.420187
37.76295,-122.421126
37.762976,-122.420531
37.763048,-122.419732
37.762775,-122.419616
37.762732,-122.419738
37.763023,-122.41183
37.760695,-122.41215
37.76177,-122.411867
37.759012,-122.411768
37.759874,-122.411796
37.75776,-122.412566
37.758253,-122.412583
37.759969,-122.411513
37.754197,-122.414118
37.754264,-122.413261
37.754619,-122.41307
37.754338,-122.412882
37.761911,-122.419672
37.760466,-122.419152
37.762104,-122.419317
37.760051,-122.420889
37.761189,-122.419198
37.760332,-122.419493
37.760089,-122.420276
37.761925,-122.419065
37.76138,-122.419499
37.760248,-122.420397
37.76073,-122.421688
37.761195,-122.422316
37.75958,-122.42154
37.75997,-122.422304
37.761468,-122.4225
37.760315,-122.421623
37.761061,-122.421656
37.761801,-122.421508
37.760877,-122.421426
37.760058,-122.421267
37.76145,-122.421764
37.759052,-122.421508
37.758422,-122.421444
37.759533,-122.4213
37.759367,-122.421553
37.758215,-122.421395
37.759236,-122.421293
37.759229,-122.422286
37.758387,-122.422362
37.755344,-122.42155
37.757207,-122.421269
37.75619,-122.418957
37.755417,-122.420861
37.756977,-122.41941
37.755963,-122.420946
37.756367,-122.420968
37.755553,-122.419326
37.756849,-122.421037
37.755265,-122.420378
37.757146,-122.420783
37.757104,-122.419141
37.756863,-122.420119
37.757746,-122.419113
37.755112,-122.420865
37.755508,-122.419798
37.755645,-122.420923
37.755296,-122.419931
37.756844,-122.420787
37.755357,-122.419257
37.755359,-122.418904
37.754514,-122.420816
37.754511,-122.41856
37.755156,-122.418828
37.754788,-122.420807
37.754821,-122.419748
37.75432,-122.42104
37.754233,-122.420754
37.754762,-122.418843
37.754205,-122.418528
37.75708,-122.41152
37.755729,-122.41261
37.756386,-122.411409
37.755782,-122.411647
37.756269,-122.412406
37.755682,-122.41675
37.755443,-122.417203
37.755607,-122.41743
37.755375,-122.418376
37.756123,-122.417632
37.757119,-122.416263
37.756468,-122.416816
37.758743,-122.415731
37.757162,-122.418123
37.757491,-122.418019
37.757809,-122.416906
37.757575,-122.416922
37.757049,-122.417454
37.757955,-122.418053
37.75716,-122.415283
37.758806,-122.415242
37.759003,-122.415471
37.757549,-122.413569
37.75744,-122.414678
37.758733,-122.414601
37.758985,-122.414428
37.758183,-122.413461
37.757176,-122.415331
37.758934,-122.413064
37.760099,-122.414073
37.76095,-122.412842
37.762212,-122.412748
37.760754,-122.412853
37.761545,-122.412971
37.759996,-122.41335
37.759728,-122.414938
37.760015,-122.413101
37.762286,-122.41522
37.762932,-122.415222
37.762871,-122.413965
37.761303,-122.417028
37.761954,-122.416359
37.761033,-122.416987
37.762583,-122.418269
37.76155,-122.417348
37.76177,-122.417061
37.761893,-122.417409
37.762446,-122.417475
37.753993,-122.423646
37.789001,-122.409989
37.78704,-122.410365
37.788419,-122.410749
37.786952,-122.411012
37.788933,-122.410527
37.787992,-122.410342
37.787354,-122.409989
37.78696,-122.410606
37.788199,-122.409944
37.788879,-122.410922
37.788385,-122.410472
37.788061,-122.411123
37.786826,-122.409721
37.785993,-122.408156
37.786834,-122.408258
37.785652,-122.408611
37.785099,-122.409718
37.786947,-122.407244
37.787226,-122.408688
37.786296,-122.408802
37.785441,-122.409043
37.785278,-122.408066
37.787284,-122.40757
37.785512,-122.407317
37.786802,-122.407996
37.785761,-122.407853
37.784837,-122.409523
37.786539,-122.407987
37.785349,-122.407494
37.786347,-122.407941
37.789677,-122.401172
37.782944,-122.406558
37.781941,-122.406981
37.781441,-122.406227
37.782546,-122.40655
37.782232,-122.40611
37.78297,-122.407081
37.782842,-122.406803
37.781977,-122.40528
37.781144,-122.40657
37.781497,-122.405171
37.781444,-122.406924
37.781492,-122.405475
37.782475,-122.401993
37.782876,-122.402998
37.783491,-122.401716
37.783532,-122.403737
37.784106,-122.401428
37.784278,-122.401784
37.784651,-122.401566
37.784483,-122.402043
37.783824,-122.403248
37.783781,-122.403756
37.783353,-122.40213
37.783224,-122.403025
37.783285,-122.401431
37.783243,-122.402485
37.782844,-122.401507
37.784322,-122.402331
37.784068,-122.401969
37.781928,-122.404224
37.784155,-122.4025
37.784607,-122.40179
37.789003,-122.40044
37.789744,-122.400216
37.787804,-122.401103
37.788706,-122.400349
37.787635,-122.400555
37.788973,-122.40092
37.789176,-122.400283
37.788223,-122.401319
37.785437,-122.401341
37.787164,-122.400344
37.785924,-122.401132
37.78607,-122.401317
37.785362,-122.400748
37.786263,-122.400197
37.786443,-122.400268
37.786857,-122.40106
37.785718,-122.401051
37.786822,-122.400339
37.786184,-122.4006
37.786349,-122.400505
37.786248,-122.401068
37.78264,-122.40081
37.783811,-122.400685
37.784657,-122.400184
37.782876,-122.400534
37.783009,-122.401044
37.784825,-122.400581
37.784398,-122.400813
37.783281,-122.40108
37.783981,-122.400523
37.783518,-122.401089
37.783595,-122.400859
37.781332,-122.400477
37.781557,-122.402981
37.781129,-122.402512
37.78177,-122.401631
37.781348,-122.40291
37.78102,-122.403433
37.78115,-122.404234
37.78217,-122.401902
37.787569,-122.408129
37.788919,-122.407292
37.787573,-122.409846
37.787929,-122.407576
37.787932,-122.409351
37.788838,-122.408618
37.788096,-122.409596
37.788272,-122.407693
37.788112,-122.409121
37.789425,-122.40778
37.789108,-122.408723
37.788962,-122.407961
37.789077,-122.409164
37.789353,-122.407247
37.788325,-122.407287
37.789483,-122.408414
37.78935,-122.408969
37.787587,-122.407959
37.788196,-122.408124
37.78921,-122.408291
37.789403,-122.409488
37.787682,-122.408424
37.78849,-122.407682
37.789,-122.408514
37.787393,-122.408954
37.789205,-122.409682
37.787366,-122.40941
37.787991,-122.409859
37.787119,-122.409655
37.789224,-122.408028
37.788328,-122.409098
37.787198,-122.409256
37.78599,-122.410799
37.784358,-122.41111
37.785073,-122.410585
37.785748,-122.410467
37.786106,-122.410156
37.78541,-122.402313
37.7859,-122.402269
37.786832,-122.401521
37.785675,-122.402459
37.786351,-122.402861
37.785841,-122.401823
37.784399,-122.403169
37.784546,-122.402308
37.785652,-122.401481
37.784189,-122.403523
37.785047,-122.40171
37.786347,-122.402456
37.786214,-122.401819
37.785382,-122.403312
37.785826,-122.402798
37.784469,-122.404084
37.786598,-122.401495
37.786112,-122.403346
37.785348,-122.401589
37.786184,-122.40378
37.784617,-122.403135
37.785975,-122.403101
37.786194,-122.403096
37.785536,-122.402748
37.784923,-122.403339
37.78637,-122.403846
37.785889,-122.403804
37.784831,-122.402911
37.78429,-122.404203
37.786083,-122.401629
37.786028,-122.402041
37.787626,-122.403892
37.787458,-122.404047
37.789251,-122.402265
37.787233,-122.404231
37.789081,-122.401788
37.787894,-122.403359
37.787465,-122.403233
37.788502,-122.403729
37.788213,-122.403485
37.786957,-122.403143
37.787296,-122.403489
37.788945,-122.402896
37.788194,-122.402478
37.788465,-122.402777
37.78789,-122.402933
37.788546,-122.402086
37.787317,-122.401721
37.787699,-122.402723
37.788806,-122.401929
37.789415,-122.401495
37.788123,-122.403215
37.789214,-122.402193
37.786808,-122.403402
37.788244,-122.401648
37.787521,-122.405542
37.786709,-122.404988
37.787026,-122.40506
37.787279,-122.407005
37.786938,-122.404651
37.785889,-122.406497
37.787898,-122.404989
37.787814,-122.404255
37.78778,-122.406098
37.786786,-122.406634
37.786484,-122.406533
37.787727,-122.404912
37.786533,-122.405201
37.787788,-122.40676
37.788312,-122.405259
37.786292,-122.406212
37.786232,-122.404607
37.788127,-122.405755
37.786014,-122.405319
37.78744,-122.406458
37.787268,-122.404838
37.788075,-122.406182
37.789394,-122.404833
37.788032,-122.406557
37.788704,-122.406597
37.788621,-122.405054
37.788896,-122.407013
37.788314,-122.406819
37.789242,-122.404303
37.789561,-122.405312
37.789496,-122.405572
37.789687,-122.405869
37.789107,-122.40523
37.789478,-122.406017
37.78941,-122.406674
37.788781,-122.40539
37.788701,-122.404709
37.789722,-122.402885
37.789521,-122.402382
37.789311,-122.402587
37.789161,-122.410716
37.789424,-122.41122
37.789033,-122.411074
37.789238,-122.410227
37.789572,-122.410303
37.780952,-122.404498
37.781089,-122.405295
37.781263,-122.404772
37.780922,-122.405877
37.781079,-122.40571
37.782064,-122.408309
37.781179,-122.408596
37.781109,-122.408377
37.781695,-122.408989
37.781233,-122.409566
37.782206,-122.408136
37.781865,-122.409512
37.782709,-122.407923
37.780955,-122.408534
37.782017,-122.407244
37.781552,-122.40929
37.781284,-122.411236
37.781751,-122.411197
37.782021,-122.409924
37.781587,-122.410836
37.781982,-122.410442
37.78176,-122.410663
37.781895,-122.41016
37.783866,-122.41084
37.78326,-122.411006
37.782945,-122.41062
37.783395,-122.410204
37.782639,-122.410119
37.782362,-122.410746
37.783773,-122.411054
37.782677,-122.410592
37.782177,-122.410891
37.7836,-122.410755
37.784205,-122.410121
37.782572,-122.409586
37.783591,-122.408352
37.7846,-122.40769
37.784199,-122.407693
37.784476,-122.408176
37.78394,-122.409087
37.785323,-122.407175
37.783738,-122.409335
37.783541,-122.409284
37.78514,-122.407357
37.784749,-122.408679
37.783459,-122.408516
37.78414,-122.408518
37.783279,-122.409807
37.783948,-122.407875
37.784811,-122.407871
37.784513,-122.407297
37.784081,-122.407794
37.783328,-122.4094
37.783166,-122.407222
37.784231,-122.409204
37.784484,-122.409022
37.783691,-122.407236
37.784743,-122.406902
37.785163,-122.404895
37.783386,-122.406852
37.785218,-122.40645
37.785516,-122.406668
37.785064,-122.405176
37.785517,-122.406432
37.784423,-122.406396
37.784882,-122.406734
37.785918,-122.404409
37.785618,-122.405833
37.785211,-122.405454
37.785333,-122.405512
37.78478,-122.404814
37.784531,-122.404514
37.785224,-122.405935
37.784154,-122.404972
37.785037,-122.406989
37.784713,-122.405166
37.783935,-122.405134
37.773057,-122.402853
37.774522,-122.402324
37.773285,-122.402817
37.773067,-122.400298
37.775268,-122.410238
37.777138,-122.410691
37.776549,-122.411092
37.777286,-122.410142
37.775549,-122.410502
37.776582,-122.409994
37.776674,-122.410903
37.777105,-122.410378
37.779981,-122.40089
37.778603,-122.401119
37.778146,-122.40019
37.778659,-122.400836
37.777829,-122.401327
37.779563,-122.402697
37.779312,-122.403565
37.777249,-122.40386
37.778193,-122.402764
37.778394,-122.401865
37.778761,-122.404154
37.778103,-122.404097
37.779306,-122.402665
37.779298,-122.40311
37.778397,-122.402487
37.778,-122.401513
37.779821,-122.403033
37.780264,-122.403202
37.780157,-122.403806
37.780521,-122.402858
37.77946,-122.40425
37.779893,-122.403757
37.778633,-122.406443
37.779759,-122.406972
37.779049,-122.405751
37.780219,-122.405621
37.779157,-122.406266
37.779264,-122.406757
37.778806,-122.406825
37.778767,-122.406157
37.77882,-122.405515
37.777867,-122.404682
37.776968,-122.406315
37.777677,-122.406467
37.776237,-122.407035
37.778428,-122.404875
37.778399,-122.406388
37.777511,-122.407825
37.775981,-122.408491
37.776541,-122.407415
37.775589,-122.409135
37.776999,-122.408375
37.777868,-122.408118
37.777097,-122.409783
37.775905,-122.408736
37.776257,-122.408228
37.777311,-122.409577
37.777579,-122.409078
37.77789,-122.407221
37.77557,-122.409542
37.776846,-122.409015
37.776734,-122.407657
37.777051,-122.407675
37.775878,-122.407795
37.777156,-122.409379
37.775825,-122.408991
37.773969,-122.40503
37.772759,-122.404751
37.773648,-122.4009
37.775034,-122.400942
37.777486,-122.400949
37.772301,-122.410229
37.772115,-122.410821
37.772081,-122.409341
37.772109,-122.407766
37.772189,-122.408633
37.772406,-122.407451
37.774771,-122.40828
37.774763,-122.409637
37.774045,-122.4085
37.775701,-122.407651
37.774606,-122.408509
37.775549,-122.407353
37.774822,-122.408347
37.774358,-122.409009
37.775378,-122.407135
37.772849,-122.40951
37.774347,-122.409708
37.774345,-122.408078
37.774574,-122.404836
37.77519,-122.406946
37.774984,-122.405452
37.774796,-122.405232
37.776044,-122.402308
37.775431,-122.403666
37.774616,-122.404198
37.775151,-122.404022
37.777222,-122.401701
37.777499,-122.410213
37.778665,-122.410026
37.777941,-122.411173
37.778234,-122.4112
37.779468,-122.410491
37.778745,-122.410553
37.779161,-122.410688
37.777626,-122.410047
37.779036,-122.410992
37.779139,-122.408097
37.778319,-122.408665
37.779608,-122.409225
37.779369,-122.407498
37.779697,-122.407417
37.778367,-122.409707
37.7786,-122.408485
37.779876,-122.407528
37.77758,-122.409775
37.779974,-122.408068
37.779065,-122.407509
37.779428,-122.409044
37.778175,-122.409509
37.77871,-122.408675
37.778482,-122.407977
37.778113,-122.409137
37.778344,-122.409695
37.779108,-122.408521
37.779399,-122.408798
37.780335,-122.407655
37.778293,-122.409236
37.777428,-122.409906
37.778436,-122.408977
37.777991,-122.409597
37.779121,-122.407825
37.78025,-122.407988
37.778859,-122.408125
37.780057,-122.407843
37.779764,-122.409103
37.779001,-122.408282
37.7793,-122.407896
37.780791,-122.408654
37.779955,-122.409869
37.78085,-122.407896
37.780265,-122.408704
37.780379,-122.408472
37.780598,-122.408057
37.78079,-122.409153
37.779648,-122.410751
37.774423,-122.410676
37.773672,-122.410762
37.773258,-122.410306
37.773443,-122.411083
37.774792,-122.410207
37.773382,-122.410744
37.772804,-122.409974
37.798272,-122.40433
37.797867,-122.405997
37.798076,-122.406219
37.797984,-122.40672
37.798535,-122.406682
37.797543,-122.406535
37.797795,-122.406777
37.797985,-122.40513
37.797481,-122.406782
37.79803,-122.406417
37.798102,-122.405621
37.797663,-122.406272
37.798541,-122.407078
37.797591,-122.406554
37.798299,-122.405452
37.796724,-122.401992
37.79744,-122.403185
37.797385,-122.403579
37.796415,-122.403166
37.796801,-122.403665
37.796498,-122.403383
37.796848,-122.40293
37.796494,-122.403621
37.797998,-122.403764
37.796747,-122.40328
37.797202,-122.404062
37.797359,-122.402857
37.796441,-122.402873
37.796127,-122.40352
37.796021,-122.403835
37.797202,-122.403007
37.797443,-122.402186
37.796609,-122.402488
37.797716,-122.40072
37.797771,-122.400487
37.797095,-122.401356
37.797698,-122.400214
37.792094,-122.410203
37.792359,-122.410085
37.792075,-122.41071
37.791779,-122.410492
37.791729,-122.410936
37.792399,-122.410671
37.793688,-122.410425
37.792683,-122.411096
37.791884,-122.4111
37.78991,-122.411191
37.789837,-122.410578
37.789991,-122.410853
37.790154,-122.410398
37.795727,-122.400599
37.795066,-122.400505
37.796597,-122.401176
37.795477,-122.4009
37.795001,-122.400673
37.796285,-122.400435
37.794539,-122.400945
37.796864,-122.400561
37.795934,-122.400781
37.795702,-122.401161
37.79663,-122.40056
37.796682,-122.400881
37.796386,-122.400695
37.792039,-122.401086
37.793059,-122.400446
37.793236,-122.400884
37.79431,-122.40036
37.793898,-122.400767
37.794267,-122.401179
37.793116,-122.401418
37.793669,-122.40138
37.793307,-122.40058
37.794582,-122.400114
37.792295,-122.401137
37.79304,-122.400784
37.793129,-122.400214
37.794569,-122.400519
37.79117,-122.401278
37.792117,-122.40036
37.791386,-122.400116
37.790493,-122.400843
37.791465,-122.400718
37.790053,-122.400733
37.791077,-122.400955
37.791705,-122.400987
37.79024,-122.401324
37.790973,-122.401332
37.790775,-122.400606
37.790311,-122.405418
37.790279,-122.40567
37.789949,-122.406921
37.790268,-122.40497
37.790635,-122.404396
37.790534,-122.404444
37.789829,-122.404495
37.790752,-122.404933
37.7898,-122.404765
37.790215,-122.404369
37.790788,-122.404706
37.79019,-122.405184
37.790606,-122.404793
37.790261,-122.404365
37.79055,-122.405238
37.7968,-122.406951
37.796653,-122.40503
37.797636,-122.404962
37.797228,-122.405068
37.797682,-122.405587
37.797702,-122.404643
37.797225,-122.405958
37.796045,-122.404258
37.796972,-122.405865
37.795381,-122.406166
37.79706,-122.405518
37.795425,-122.406533
37.797053,-122.404708
37.796632,-122.405134
37.795999,-122.404988
37.796189,-122.405828
37.796441,-122.406824
37.797475,-122.405512
37.79704,-122.405214
37.795009,-122.407082
37.795688,-122.404948
37.79687,-122.406188
37.79792,-122.404691
37.795978,-122.406203
37.796014,-122.406514
37.797334,-122.405713
37.796497,-122.406431
37.789847,-122.407166
37.797983,-122.41029
37.797508,-122.410502
37.797273,-122.410503
37.797591,-122.410084
37.797037,-122.410292
37.794781,-122.409925
37.79597,-122.410132
37.795933,-122.410512
37.795261,-122.409973
37.795603,-122.409569
37.795907,-122.407109
37.795965,-122.408085
37.796486,-122.409234
37.796835,-122.407963
37.795465,-122.407364
37.794883,-122.409114
37.79716,-122.407107
37.795238,-122.407237
37.796755,-122.407622
37.795107,-122.408283
37.794736,-122.409345
37.795886,-122.407404
37.796467,-122.408285
37.795573,-122.409069
37.798217,-122.407406
37.796626,-122.409642
37.79839,-122.409744
37.798603,-122.40808
37.797668,-122.40754
37.797574,-122.407906
37.797754,-122.408491
37.798038,-122.407098
37.797413,-122.409548
37.79007,-122.403034
37.78995,-122.401868
37.790572,-122.40217
37.790938,-122.403369
37.790767,-122.402234
37.790184,-122.402336
37.790795,-122.403114
37.791137,-122.403748
37.79079,-122.402489
37.789912,-122.402576
37.790656,-122.40347
37.789809,-122.403469
37.791304,-122.40234
37.790637,-122.403821
37.789757,-122.402347
37.792231,-122.401862
37.793093,-122.402801
37.793844,-122.401663
37.793106,-122.401872
37.793069,-122.402138
37.793797,-122.40216
37.793642,-122.403385
37.791683,-122.403664
37.792724,-122.403353
37.792376,-122.403341
37.793636,-122.402643
37.791905,-122.401842
37.793403,-122.403022
37.791545,-122.40277
37.792541,-122.401835
37.793787,-122.402173
37.792049,-122.402119
37.792427,-122.40425
37.791956,-122.403164
37.792779,-122.404236
37.792869,-122.404004
37.791958,-122.401481
37.793344,-122.402679
37.792122,-122.401704
37.793338,-122.401494
37.792033,-122.402403
37.793452,-122.402489
37.793862,-122.401918
37.792222,-122.40276
37.792856,-122.402037
37.793833,-122.402119
37.791371,-122.404086
37.795638,-122.403229
37.79461,-122.403018
37.795981,-122.402864
37.796222,-122.401637
37.79437,-122.403418
37.795695,-122.402797
37.795407,-122.403499
37.794669,-122.402281
37.796381,-122.40209
37.795511,-122.404174
37.79586,-122.403485
37.793945,-122.403156
37.795041,-122.402351
37.795276,-122.403697
37.794987,-122.403332
37.79466,-122.403729
37.795305,-122.4024
37.794134,-122.404198
37.794198,-122.402972
37.79441,-122.401442
37.795559,-122.402363
37.794872,-122.401755
37.794729,-122.403255
37.794202,-122.40382
37.795215,-122.402358
37.795444,-122.402806
37.794166,-122.403335
37.793464,-122.406723
37.794807,-122.405235
37.793181,-122.40699
37.793321,-122.406255
37.794733,-122.40697
37.794898,-122.406528
37.793154,-122.406138
37.795124,-122.406303
37.794233,-122.406176
37.795167,-122.405928
37.794517,-122.406342
37.793947,-122.404807
37.794142,-122.406822
37.794607,-122.405445
37.795222,-122.404809
37.79544,-122.404601
37.793865,-122.406078
37.793358,-122.405943
37.794545,-122.406884
37.795359,-122.405378
37.79342,-122.405348
37.793667,-122.406715
37.79368,-122.404416
37.794963,-122.404696
37.793882,-122.406763
37.794459,-122.405796
37.793414,-122.406481
37.793483,-122.404726
37.794814,-122.405156
37.793372,-122.406975
37.794855,-122.405869
37.793665,-122.406258
37.794393,-122.404697
37.792965,-122.406012
37.794705,-122.406344
37.790514,-122.407064
37.791372,-122.406083
37.793088,-122.405285
37.791824,-122.40454
37.792327,-122.405267
37.791324,-122.406434
37.790683,-122.405555
37.792376,-122.405592
37.791589,-122.405851
37.792922,-122.40545
37.79054,-122.406611
37.79076,-122.405555
37.790603,-122.406388
37.792024,-122.405502
37.7917,-122.40637
37.792121,-122.405854
37.792673,-122.406084
37.792415,-122.406009
37.7926,-122.40577
37.792664,-122.404996
37.792629,-122.405465
37.791432,-122.404578
37.79166,-122.405216
37.791403,-122.405655
37.792164,-122.404888
37.792941,-122.404742
37.792938,-122.404427
37.790529,-122.406784
37.790856,-122.409247
37.790033,-122.409329
37.790279,-122.408593
37.792069,-122.408205
37.789759,-122.409847
37.790693,-122.407653
37.791974,-122.407382
37.78998,-122.408669
37.791315,-122.408017
37.790743,-122.407164
37.790446,-122.40736
37.79107,-122.40986
37.791213,-122.409174
37.791765,-122.407265
37.793972,-122.407513
37.794092,-122.408442
37.794229,-122.407106
37.792441,-122.408014
37.793178,-122.408477
37.793454,-122.407931
37.794016,-122.407951
37.792223,-122.408737
37.791793,-122.409681
37.791969,-122.409071
37.791879,-122.409432
37.793076,-122.40952
37.792754,-122.407735
37.794373,-122.408087
37.79381,-122.409673
37.793645,-122.409011
37.792077,-122.409708
37.793796,-122.407961
37.792484,-122.409496
37.792252,-122.409595
37.793679,-122.407741
37.793833,-122.408844
37.8076,-122.421434
37.809439,-122.421625
37.809114,-122.421416
37.807591,-122.421803
37.809415,-122.421951
37.809014,-122.411986
37.809286,-122.411648
37.808806,-122.411469
37.808581,-122.411532
37.808637,-122.412322
37.807731,-122.41902
37.807664,-122.419696
37.807946,-122.41881
37.807693,-122.419271
37.809388,-122.421014
37.807636,-122.421187
37.808192,-122.420799
37.807973,-122.42082
37.807887,-122.420572
37.807582,-122.420532
37.808454,-122.420988
37.808534,-122.420499
37.808878,-122.420993
37.807705,-122.420864
37.809085,-122.42114
37.807735,-122.420248
37.808681,-122.421018
37.808534,-122.417803
37.81043,-122.417439
37.810198,-122.416989
37.809758,-122.416414
37.808355,-122.417855
37.808889,-122.416205
37.809087,-122.416203
37.810599,-122.41768
37.809997,-122.416485
37.808904,-122.416816
37.809014,-122.415929
37.809082,-122.418077
37.809241,-122.415908
37.808834,-122.417952
37.809074,-122.417287
37.809607,-122.416184
37.809079,-122.418342
37.810514,-122.412759
37.809125,-122.41525
37.808451,-122.415225
37.808699,-122.415566
37.80847,-122.414614
37.808248,-122.414787
37.808005,-122.413466
37.808424,-122.41487
37.809015,-122.414513
37.808244,-122.414745
37.807755,-122.41306
37.8082,-122.415381
37.809157,-122.412839
37.809248,-122.413307
37.808216,-122.413302
37.808577,-122.414383
37.808232,-122.415087
37.809149,-122.414692
37.808104,-122.417486
37.807899,-122.418105
37.807706,-122.416596
37.808664,-122.416026
37.808241,-122.416183
37.80798,-122.415963
37.807992,-122.418385
37.808845,-122.415848
37.80793,-122.417698
37.8084,-122.415709
37.809913,-122.422368
37.809869,-122.422141
37.810787,-122.417663
37.810916,-122.411363
37.765745,-122.406846
37.764525,-122.405847
37.764569,-122.406832
37.764812,-122.406557
37.770762,-122.410124
37.771233,-122.408835
37.770518,-122.409742
37.771322,-122.409455
37.771062,-122.407651
37.771553,-122.40905
37.771257,-122.406959
37.77195,-122.405541
37.771579,-122.40527
37.769915,-122.404995
37.770862,-122.406256
37.769715,-122.404153
37.770536,-122.404077
37.770049,-122.404143
37.76965,-122.403793
37.767693,-122.404113
37.768683,-122.404124
37.768251,-122.403785
37.76758,-122.403921
37.767311,-122.406168
37.767199,-122.404482
37.767246,-122.406877
37.768638,-122.404585
37.765015,-122.403728
37.766488,-122.403809
37.765926,-122.403208
37.765291,-122.403742
37.766926,-122.403613
37.766175,-122.403539
37.763319,-122.404654
37.763197,-122.40617
37.767018,-122.408113
37.766513,-122.407507
37.768133,-122.408018
37.769875,-122.407439
37.769658,-122.408682
37.770424,-122.409275
37.769949,-122.407934
37.767843,-122.411028
37.768661,-122.410901
37.76726,-122.411073
37.766465,-122.410395
37.765497,-122.410675
37.765688,-122.410919
37.766696,-122.410786
37.765755,-122.410324
37.764705,-122.409968
37.765226,-122.410632
37.763809,-122.411176
37.763266,-122.407918
37.765084,-122.40719
37.764657,-122.408167
37.764108,-122.407128
37.763834,-122.407587
37.764536,-122.409474
37.764768,-122.409556
37.765594,-122.407383
37.807125,-122.410639
37.80598,-122.41015
37.801086,-122.40195
37.801143,-122.401467
37.79998,-122.401522
37.800371,-122.4028
37.799925,-122.402586
37.799121,-122.403982
37.799671,-122.401432
37.800183,-122.402763
37.803324,-122.401584
37.802125,-122.403395
37.802707,-122.403252
37.80302,-122.401481
37.80347,-122.402149
37.802346,-122.401608
37.802078,-122.403758
37.802362,-122.40227
37.802263,-122.402857
37.802847,-122.40162
37.804691,-122.401215
37.803112,-122.400745
37.802413,-122.40013
37.801932,-122.401219
37.803284,-122.400902
37.80353,-122.401249
37.802715,-122.401078
37.802423,-122.400818
37.801808,-122.400257
37.800626,-122.400836
37.800041,-122.401261
37.798829,-122.400308
37.801383,-122.410176
37.801358,-122.411187
37.804749,-122.41021
37.805035,-122.410028
37.802175,-122.405654
37.802789,-122.404724
37.801998,-122.404946
37.801703,-122.404468
37.799913,-122.406786
37.80214,-122.405967
37.801638,-122.406732
37.80208,-122.404633
37.801963,-122.40434
37.802337,-122.405869
37.803008,-122.404618
37.802605,-122.405829
37.803803,-122.405233
37.802864,-122.405993
37.803191,-122.404725
37.802952,-122.404961
37.803368,-122.40628
37.804386,-122.405392
37.8041,-122.404522
37.802587,-122.406159
37.802655,-122.406759
37.803525,-122.406465
37.802968,-122.406192
37.803008,-122.404367
37.805275,-122.403136
37.804865,-122.403391
37.80448,-122.402037
37.804677,-122.402234
37.805483,-122.403524
37.80413,-122.403779
37.804691,-122.403068
37.804226,-122.401789
37.804919,-122.401879
37.80401,-122.402789
37.806623,-122.404132
37.807176,-122.406373
37.806736,-122.404343
37.806363,-122.404655
37.806406,-122.404313
37.806546,-122.40477
37.806567,-122.404518
37.80715,-122.40611
37.805812,-122.404675
37.805964,-122.404896
37.804854,-122.408352
37.805568,-122.407393
37.805648,-122.409689
37.806595,-122.407446
37.806318,-122.407249
37.805089,-122.408007
37.804266,-122.409869
37.805472,-122.408079
37.80333,-122.409702
37.803771,-122.408286
37.80242,-122.40789
37.802575,-122.407135
37.801495,-122.409297
37.803529,-122.408098
37.803211,-122.409487
37.802603,-122.407939
37.799489,-122.408709
37.79967,-122.408464
37.799909,-122.409308
37.799599,-122.408134
37.799342,-122.409605
37.800491,-122.409779
37.800536,-122.409359
37.801256,-122.407691
37.801515,-122.408766
37.79996,-122.408223
37.800783,-122.407778
37.800603,-122.408722
37.800403,-122.409029
37.800914,-122.409178
37.801196,-122.40953
37.799563,-122.407643
37.801504,-122.407723
37.799697,-122.409549
37.799283,-122.409063
37.801187,-122.409791
37.800355,-122.407494
37.800934,-122.40947
37.799618,-122.407553
37.801131,-122.407512
37.801111,-122.409167
37.800096,-122.410941
37.800223,-122.410481
37.800849,-122.410676
37.800815,-122.41014
37.80026,-122.409952
37.799468,-122.410193
37.799248,-122.410538
37.799751,-122.410679
37.800492,-122.410736
37.798667,-122.40758
37.798659,-122.407272
37.798838,-122.407483
37.798681,-122.408724
37.79906,-122.408845
37.798874,-122.40781
37.798921,-122.405617
37.800403,-122.404307
37.753854,-122.417363
37.75405,-122.416589
37.753869,-122.417101
37.753946,-122.418164
37.753805,-122.417627
37.753891,-122.419079
37.75391,-122.416221
37.754079,-122.415823
37.753875,-122.41485
37.754175,-122.414395
37.754114,-122.415474
37.7735,-122.4555
37.773603,-122.456215
37.773983,-122.446636
37.774755,-122.446604
37.774253,-122.446323
37.775633,-122.446277
37.774025,-122.446365
37.774535,-122.446338
37.777678,-122.446077
37.772802,-122.455788
37.772329,-122.448411
37.772487,-122.44723
37.77231,-122.447741
37.778609,-122.448468
37.778985,-122.447331
37.778534,-122.44891
37.778884,-122.449484
37.778663,-122.447828
37.778497,-122.449353
37.776863,-122.451907
37.777178,-122.449591
37.778714,-122.451875
37.778411,-122.451866
37.775765,-122.452247
37.776291,-122.449745
37.776422,-122.451105
37.77547,-122.449903
37.776126,-122.452339
37.776223,-122.451836
37.775666,-122.450396
37.776194,-122.450662
37.775794,-122.451371
37.775439,-122.451324
37.775597,-122.45219
37.775048,-122.451547
37.776641,-122.450691
37.774263,-122.451775
37.775127,-122.451246
37.775811,-122.450995
37.775712,-122.448138
37.776498,-122.447631
37.777492,-122.447059
37.776753,-122.448451
37.776665,-122.448213
37.777325,-122.448709
37.773016,-122.447661
37.773576,-122.448476
37.774698,-122.447064
37.773694,-122.447524
37.773362,-122.449211
37.77409,-122.447677
37.773976,-122.447178
37.773768,-122.447062
37.773671,-122.448869
37.774635,-122.447557
37.773774,-122.448161
37.774518,-122.446836
37.773512,-122.450026
37.773442,-122.451109
37.773574,-122.449642
37.772573,-122.450969
37.773271,-122.450786
37.772603,-122.45151
37.773382,-122.451337
37.772886,-122.454456
37.772574,-122.455099
37.773309,-122.453575
37.77321,-122.452572
37.772904,-122.453463
37.772035,-122.452486
37.774608,-122.454848
37.775141,-122.453043
37.774875,-122.452813
37.77592,-122.452591
37.775635,-122.452677
37.774498,-122.454256
37.775179,-122.452414
37.77761,-122.453442
37.77807,-122.45324
37.777156,-122.454405
37.787302,-122.437793
37.786488,-122.436567
37.7872,-122.436498
37.78648,-122.437251
37.787569,-122.435476
37.787603,-122.43739
37.78743,-122.437052
37.787732,-122.436156
37.784674,-122.433842
37.784761,-122.435144
37.784914,-122.434305
37.784965,-122.433786
37.784382,-122.435382
37.784798,-122.434913
37.78309,-122.442684
37.782554,-122.442799
37.783585,-122.441443
37.784729,-122.439413
37.783555,-122.439634
37.783532,-122.440594
37.784224,-122.43989
37.782406,-122.438534
37.781969,-122.439361
37.782985,-122.436073
37.781773,-122.436374
37.782871,-122.435761
37.783229,-122.435683
37.782205,-122.435438
37.781656,-122.437361
37.782284,-122.436002
37.787203,-122.440408
37.786389,-122.439313
37.785244,-122.440786
37.786336,-122.438274
37.785029,-122.439939
37.786921,-122.440065
37.785844,-122.443601
37.784452,-122.442281
37.78637,-122.441915
37.785544,-122.442498
37.785887,-122.441623
37.783696,-122.444002
37.783963,-122.443928
37.784362,-122.435791
37.78571,-122.435711
37.784231,-122.435549
37.784415,-122.436459
37.785523,-122.437007
37.785869,-122.435503
37.784706,-122.436235
37.785173,-122.435564
37.783745,-122.435972
37.784206,-122.437754
37.78478,-122.437917
37.782307,-122.434406
37.782845,-122.434463
37.783347,-122.434771
37.783697,-122.434863
37.787065,-122.433916
37.787079,-122.435235
37.786855,-122.434271
37.772632,-122.46847
37.772738,-122.46877
37.771975,-122.467788
37.772077,-122.4685
37.772179,-122.467559
37.773186,-122.468166
37.772825,-122.467733
37.772002,-122.469241
37.772312,-122.46786
37.77206,-122.469731
37.771972,-122.471117
37.776025,-122.433981
37.776466,-122.433785
37.775793,-122.434657
37.775241,-122.434499
37.772846,-122.438987
37.772945,-122.439635
37.773111,-122.438317
37.772926,-122.438599
37.774351,-122.43435
37.774691,-122.433845
37.772487,-122.434342
37.772401,-122.43518
37.773745,-122.444441
37.77445,-122.441463
37.773098,-122.441482
37.772592,-122.441114
37.773274,-122.442326
37.774695,-122.441314
37.774328,-122.442538
37.774191,-122.443565
37.774806,-122.439748
37.77388,-122.438437
37.777533,-122.433771
37.777196,-122.434823
37.778166,-122.434888
37.777034,-122.44367
37.778919,-122.443589
37.778175,-122.443731
37.776986,-122.443379
37.777294,-122.441534
37.777482,-122.441483
37.772752,-122.43746
37.772965,-122.437849
37.772096,-122.43708
37.772349,-122.435462
37.77284,-122.438084
37.773413,-122.436833
37.772358,-122.43741
37.773214,-122.4356
37.773078,-122.436884
37.774175,-122.436095
37.775157,-122.437959
37.774656,-122.437957
37.775561,-122.438053
37.774162,-122.436238
37.7754,-122.436023
37.774924,-122.437612
37.774366,-122.437546
37.774429,-122.437841
37.775504,-122.437775
37.775836,-122.437773
37.775636,-122.437487
37.77351,-122.438134
37.774826,-122.438037
37.777178,-122.436316
37.777918,-122.438061
37.776207,-122.438205
37.777977,-122.43571
37.776762,-122.43802
37.778579,-122.43879
37.777348,-122.438401
37.776684,-122.440579
37.777984,-122.4383
37.775737,-122.438937
37.777758,-122.439346
37.776669,-122.43903
37.777627,-122.438464
37.7758,-122.438415
37.777171,-122.438358
37.776438,-122.440731
37.777907,-122.438303
37.776134,-122.443249
37.776271,-122.441602
37.776264,-122.442194
37.775373,-122.441548
37.77517,-122.443042
37.77447,-122.4429
37.766971,-122.466706
37.766392,-122.466903
37.765807,-122.466732
37.771887,-122.467431
37.771817,-122.466547
37.771589,-122.467432
37.77043,-122.467307
37.771417,-122.467316
37.771253,-122.466632
37.769802,-122.466563
37.77064,-122.467481
37.770923,-122.467117
37.769635,-122.466896
37.771661,-122.466907
37.770821,-122.467346
37.769616,-122.467202
37.770207,-122.466982
37.769573,-122.466606
37.770547,-122.466621
37.768696,-122.467248
37.767546,-122.467184
37.76867,-122.46683
37.767148,-122.466786
37.768921,-122.466918
37.769093,-122.46725
37.768892,-122.467193
37.768238,-122.466995
37.767168,-122.46741
37.769103,-122.466947
37.766957,-122.467332
37.76911,-122.46555
37.768984,-122.465756
37.769012,-122.464361
37.768982,-122.46528
37.769779,-122.463758
37.768,-122.465666
37.768899,-122.464828
37.768263,-122.46425
37.768515,-122.465532
37.76949,-122.466026
37.771353,-122.464272
37.769756,-122.46653
37.77168,-122.466017
37.771632,-122.465531
37.770092,-122.465757
37.769729,-122.466186
37.769663,-122.466373
37.770324,-122.466375
37.771243,-122.465888
37.771316,-122.465392
37.771924,-122.465423
37.770309,-122.465391
37.770146,-122.466454
37.770544,-122.465609
37.771527,-122.46443
37.77048,-122.466056
37.769993,-122.466322
37.77128,-122.462325
37.771898,-122.461418
37.77126,-122.46295
37.771037,-122.462229
37.769867,-122.46224
37.769268,-122.463086
37.770181,-122.461777
37.769487,-122.46254
37.769869,-122.461891
37.769433,-122.460951
37.769771,-122.461614
37.770053,-122.46102
37.769677,-122.463078
37.76959,-122.463642
37.769816,-122.462764
37.766464,-122.458673
37.767158,-122.458237
37.766426,-122.458911
37.766694,-122.45827
37.766957,-122.458594
37.768662,-122.45992
37.767986,-122.458164
37.768325,-122.458517
37.768388,-122.458246
37.767583,-122.4608
37.767834,-122.458833
37.768126,-122.458379
37.768613,-122.459394
37.768687,-122.45902
37.771015,-122.458497
37.770303,-122.459612
37.769692,-122.460413
37.770229,-122.46049
37.771768,-122.458845
37.769515,-122.459933
37.771145,-122.458953
37.76984,-122.460861
37.771375,-122.45999
37.770875,-122.457961
37.771228,-122.457095
37.771202,-122.456749
37.768529,-122.457259
37.768674,-122.45674
37.768259,-122.457114
37.768049,-122.457381
37.768187,-122.457896
37.768321,-122.457656
37.766841,-122.45746
37.765984,-122.457157
37.766374,-122.457157
37.76619,-122.457724
37.76581,-122.456926
37.765092,-122.45627
37.771774,-122.447786
37.771082,-122.447039
37.769896,-122.448239
37.769948,-122.446827
37.769845,-122.447739
37.770022,-122.447501
37.769584,-122.449362
37.769624,-122.448435
37.769712,-122.448788
37.769781,-122.448123
37.769825,-122.447062
37.770016,-122.448503
37.768733,-122.448982
37.770219,-122.446006
37.769993,-122.445449
37.771054,-122.445678
37.77038,-122.445285
37.769371,-122.445333
37.770988,-122.445994
37.770147,-122.446294
37.769264,-122.445963
37.769981,-122.446461
37.770053,-122.445052
37.770532,-122.44553
37.770277,-122.445596
37.771681,-122.446
37.771443,-122.445792
37.771119,-122.44647
37.770937,-122.446511
37.769117,-122.451932
37.769444,-122.450885
37.769339,-122.451506
37.769508,-122.450273
37.768481,-122.450617
37.769598,-122.450716
37.769408,-122.450581
37.769521,-122.449996
37.769725,-122.449852
37.769239,-122.450727
37.769656,-122.450473
37.768546,-122.451581
37.769743,-122.449603
37.764404,-122.452674
37.765099,-122.45485
37.771643,-122.45268
37.771485,-122.455376
37.766791,-122.456004
37.765959,-122.455464
37.766833,-122.4532
37.766641,-122.45347
37.766437,-122.454002
37.766941,-122.453502
37.76837,-122.454183
37.767579,-122.453393
37.767854,-122.453109
37.766505,-122.453174
37.768945,-122.452452
37.768752,-122.45285
37.768255,-122.452626
37.766432,-122.454603
37.767202,-122.454556
37.767876,-122.453427
37.76658,-122.453974
37.766334,-122.454808
37.768156,-122.453186
37.768257,-122.452946
37.767469,-122.452509
37.770092,-122.453864
37.76913,-122.452431
37.769154,-122.453653
37.769359,-122.452658
37.769198,-122.45277
37.769435,-122.454132
37.769693,-122.453516
37.769043,-122.454663
37.769023,-122.454181
37.769808,-122.450196
37.770295,-122.451051
37.769629,-122.452322
37.769713,-122.45205
37.769427,-122.452331
37.771565,-122.468333
37.771806,-122.468145
37.771636,-122.467663
37.76971,-122.472134
37.770241,-122.470659
37.768746,-122.470468
37.768675,-122.471353
37.768601,-122.469927
37.768314,-122.470996
37.768631,-122.469688
37.770376,-122.470222
37.769829,-122.470046
37.769985,-122.469853
37.770562,-122.470288
37.768135,-122.471488
37.769879,-122.470291
37.769947,-122.471696
37.768394,-122.470287
37.769698,-122.469792
37.769476,-122.469866
37.768374,-122.471814
37.769256,-122.472133
37.770453,-122.469968
37.769012,-122.47102
37.76896,-122.469477
37.768932,-122.469895
37.768504,-122.470855
37.770787,-122.46951
37.768927,-122.470238
37.769745,-122.471874
37.769342,-122.471913
37.770255,-122.469823
37.769636,-122.470789
37.770552,-122.469385
37.770069,-122.470404
37.769814,-122.471279
37.767956,-122.471618
37.770202,-122.471176
37.768789,-122.471582
37.771074,-122.469583
37.771361,-122.469571
37.77144,-122.469856
37.771453,-122.470626
37.771427,-122.471028
37.769173,-122.468327
37.770937,-122.468588
37.770844,-122.468962
37.771383,-122.468148
37.769968,-122.468436
37.770735,-122.468417
37.771025,-122.468254
37.771425,-122.467803
37.771035,-122.469092
37.770293,-122.468939
37.770752,-122.468738
37.770341,-122.467827
37.770894,-122.467682
37.769909,-122.468976
37.768818,-122.46928
37.771256,-122.468474
37.770298,-122.469315
37.770476,-122.467643
37.770093,-122.468726
37.770125,-122.467667
37.770523,-122.468124
37.77092,-122.46934
37.769556,-122.468198
37.769465,-122.467787
37.770698,-122.469232
37.767061,-122.468381
37.76749,-122.467553
37.76654,-122.468822
37.768091,-122.468482
37.766621,-122.46926
37.767745,-122.467926
37.768581,-122.468574
37.767801,-122.468576
37.768226,-122.469051
37.768575,-122.467867
37.768228,-122.468638
37.768614,-122.469144
37.767732,-122.468189
37.768245,-122.468314
37.76705,-122.467774
37.767993,-122.467991
37.768017,-122.467654
37.766768,-122.468218
37.767689,-122.469281
37.767026,-122.468768
37.766639,-122.468555
37.767874,-122.468789
37.766737,-122.467734
37.766304,-122.468711
37.766533,-122.468086
37.768428,-122.475229
37.76767,-122.476525
37.767416,-122.475293
37.767558,-122.476875
37.768234,-122.475314
37.767573,-122.475725
37.767916,-122.476466
37.767769,-122.476982
37.768358,-122.477522
37.768764,-122.475983
37.769595,-122.474559
37.769878,-122.475028
37.768585,-122.477438
37.768787,-122.477424
37.769901,-122.477561
37.769227,-122.476827
37.76968,-122.477463
37.769476,-122.477527
37.770514,-122.477001
37.770553,-122.477231
37.770393,-122.477577
37.770444,-122.476459
37.767323,-122.471385
37.766349,-122.471952
37.767999,-122.470934
37.766272,-122.469886
37.766921,-122.469542
37.767599,-122.471483
37.766771,-122.471492
37.767432,-122.470086
37.767064,-122.470788
37.767404,-122.471627
37.766914,-122.470501
37.766829,-122.470871
37.766746,-122.469987
37.767723,-122.471808
37.766383,-122.469505
37.766522,-122.471652
37.766137,-122.470647
37.767315,-122.4696
37.766746,-122.471818
37.767572,-122.469504
37.766697,-122.472151
37.76848,-122.469542
37.767199,-122.470244
37.766628,-122.470749
37.767781,-122.472062
37.767855,-122.469737
37.768145,-122.469512
37.768058,-122.470112
37.767911,-122.471227
37.767145,-122.469477
37.766031,-122.47168
37.766519,-122.470291
37.767044,-122.472001
37.765969,-122.473909
37.766057,-122.474714
37.766159,-122.474444
37.766532,-122.473993
37.766476,-122.472449
37.766527,-122.473524
37.765872,-122.47419
37.767106,-122.472596
37.766418,-122.474443
37.765488,-122.47425
37.766805,-122.472394
37.766997,-122.472271
37.766176,-122.473571
37.766254,-122.473983
37.766867,-122.474395
37.766816,-122.473019
37.767289,-122.47333
37.768876,-122.47401
37.769664,-122.472382
37.769431,-122.473952
37.767418,-122.474158
37.768121,-122.472916
37.768774,-122.473672
37.769487,-122.473679
37.767593,-122.473108
37.76957,-122.473103
37.768528,-122.472245
37.768407,-122.472793
37.768382,-122.473598
37.768678,-122.472739
37.768906,-122.472579
37.768751,-122.474552
37.771777,-122.437303
37.771829,-122.436896
37.771595,-122.433866
37.771568,-122.434206
37.771588,-122.435277
37.771353,-122.4372
37.771324,-122.436324
37.771241,-122.436746
37.770167,-122.439233
37.770033,-122.438838
37.763589,-122.435378
37.763303,-122.433935
37.763268,-122.434551
37.763152,-122.434191
37.763525,-122.434215
37.769694,-122.442341
37.770845,-122.441184
37.770663,-122.442799
37.769971,-122.442107
37.77122,-122.44198
37.770347,-122.44308
37.770368,-122.443802
37.770504,-122.443557
37.771544,-122.441619
37.770771,-122.441755
37.770141,-122.443689
37.7702,-122.444747
37.770436,-122.44413
37.770452,-122.444948
37.770233,-122.444168
37.770864,-122.440792
37.770973,-122.440309
37.77068,-122.440475
37.788514,-122.422614
37.788337,-122.423919
37.788975,-122.422982
37.789706,-122.423785
37.789217,-122.423084
37.782143,-122.425685
37.78348,-122.425215
37.78431,-122.424413
37.784241,-122.425151
37.784216,-122.425841
37.785848,-122.424729
37.786359,-122.424651
37.784563,-122.425547
37.785777,-122.426513
37.784962,-122.424997
37.787289,-122.430617
37.786682,-122.429831
37.785822,-122.431289
37.7864,-122.429906
37.787138,-122.431883
37.785633,-122.430089
37.787135,-122.432119
37.785582,-122.43049
37.785931,-122.429892
37.785038,-122.432101
37.78629,-122.431206
37.785031,-122.431823
37.7865,-122.430703
37.786575,-122.430134
37.786344,-122.432273
37.786471,-122.431007
37.78641,-122.430264
37.786612,-122.43236
37.785683,-122.429854
37.785642,-122.424026
37.787049,-122.423433
37.786843,-122.422595
37.785279,-122.423165
37.7866,-122.422539
37.787161,-122.422899
37.787194,-122.423882
37.78558,-122.423401
37.787248,-122.422563
37.784692,-122.423119
37.784706,-122.422794
37.784377,-122.42363
37.785076,-122.423392
37.784786,-122.423452
37.784119,-122.422891
37.781923,-122.423901
37.781603,-122.422843
37.781146,-122.42372
37.782121,-122.4225
37.785635,-122.433313
37.785981,-122.433369
37.78451,-122.43341
37.785297,-122.432864
37.786591,-122.4335
37.787429,-122.433459
37.788145,-122.433315
37.787114,-122.433416
37.787618,-122.433492
37.787569,-122.433193
37.784684,-122.427794
37.785277,-122.429186
37.785079,-122.428721
37.785281,-122.429566
37.785412,-122.426942
37.785337,-122.428816
37.785524,-122.429593
37.783697,-122.429615
37.784168,-122.429375
37.783762,-122.428774
37.786575,-122.428462
37.787566,-122.426915
37.787767,-122.427034
37.786099,-122.42966
37.787607,-122.428208
37.785777,-122.429464
37.786505,-122.429355
37.786851,-122.428601
37.787591,-122.427179
37.787482,-122.428708
37.78837,-122.426988
37.788218,-122.425173
37.788698,-122.426864
37.787181,-122.425466
37.788289,-122.426419
37.78704,-122.426577
37.787276,-122.426679
37.789728,-122.426731
37.788909,-122.427226
37.785186,-122.430019
37.785029,-122.429881
37.784099,-122.431612
37.785208,-122.42978
37.785497,-122.42986
37.785376,-122.430074
37.785104,-122.431321
37.784718,-122.431793
37.78516,-122.430853
37.784991,-122.43015
37.783373,-122.432332
37.784363,-122.430905
37.785107,-122.430354
37.782406,-122.433391
37.782633,-122.433375
37.783323,-122.433192
37.784571,-122.433078
37.78401,-122.433578
37.782218,-122.433427
37.784141,-122.433011
37.783145,-122.432872
37.78463,-122.432664
37.782861,-122.432598
37.781902,-122.433553
37.781791,-122.432991
37.781898,-122.432323
37.781273,-122.432499
37.781561,-122.432198
37.782713,-122.430558
37.782342,-122.4306
37.782103,-122.428931
37.781983,-122.427259
37.783566,-122.427153
37.781285,-122.427096
37.781783,-122.426043
37.781665,-122.424085
37.779921,-122.426889
37.780494,-122.425373
37.780769,-122.426607
37.780823,-122.426266
37.780765,-122.423201
37.777856,-122.4309
37.775725,-122.431445
37.777512,-122.432278
37.77667,-122.429779
37.777608,-122.4318
37.775951,-122.431234
37.775997,-122.433415
37.776201,-122.432879
37.776841,-122.433503
37.776567,-122.433201
37.778269,-122.42311
37.77595,-122.42328
37.776959,-122.423221
37.777094,-122.423831
37.777405,-122.423242
37.776059,-122.422671
37.776472,-122.423967
37.776655,-122.423434
37.776424,-122.422636
37.776415,-122.423322
37.776267,-122.423863
37.773962,-122.422528
37.774076,-122.42376
37.774838,-122.422631
37.774878,-122.423108
37.773135,-122.423246
37.773118,-122.423602
37.772194,-122.423851
37.772186,-122.422767
37.772322,-122.42322
37.773063,-122.423916
37.772317,-122.42633
37.780818,-122.426993
37.779456,-122.428898
37.779197,-122.428652
37.774815,-122.432932
37.773915,-122.432619
37.771971,-122.432788
37.77206,-122.433719
37.77267,-122.432997
37.772323,-122.432318
37.772218,-122.430502
37.772142,-122.430776
37.772113,-122.431025
37.772256,-122.430054
37.772048,-122.430158
37.772935,-122.430515
37.771967,-122.432412
37.772166,-122.430985
37.77756,-122.433514
37.778541,-122.431883
37.772222,-122.428987
37.77332,-122.427045
37.773442,-122.428072
37.773082,-122.427168
37.773825,-122.427373
37.773551,-122.427103
37.772442,-122.427342
37.772196,-122.428842
37.772385,-122.427754
37.772366,-122.42928
37.77335,-122.427511
37.772309,-122.429498
37.772764,-122.42715
37.774129,-122.425619
37.773835,-122.425861
37.773112,-122.426437
37.773208,-122.425038
37.772622,-122.426325
37.773463,-122.426807
37.77397,-122.42425
37.773562,-122.425267
37.773901,-122.424747
37.773548,-122.425559
37.773629,-122.426584
37.773998,-122.426626
37.77351,-122.426383
37.773249,-122.426703
37.776534,-122.424191
37.775765,-122.425269
37.777186,-122.42483
37.776464,-122.425657
37.776075,-122.425984
37.776508,-122.424486
37.775915,-122.424325
37.777283,-122.424384
37.776241,-122.424643
37.776209,-122.424406
37.776192,-122.426172
37.775681,-122.426251
37.776535,-122.426559
37.777784,-122.42482
37.778358,-122.425106
37.776936,-122.42808
37.778043,-122.42933
37.77612,-122.429655
37.778065,-122.428307
37.778137,-122.428885
37.776158,-122.427059
37.776258,-122.427253
37.776124,-122.427674
37.77497,-122.427534
37.775022,-122.430941
37.77471,-122.430835
37.805898,-122.434413
37.806116,-122.435119
37.80605,-122.442118
37.806662,-122.442592
37.806662,-122.436089
37.806549,-122.43587
37.807319,-122.437339
37.807232,-122.437936
37.806774,-122.439367
37.806165,-122.440542
37.80466,-122.433771
37.792923,-122.42344
37.794063,-122.422657
37.794828,-122.422534
37.793425,-122.422807
37.79289,-122.423709
37.792823,-122.423117
37.79326,-122.429448
37.793651,-122.429604
37.790203,-122.424543
37.789971,-122.424553
37.790356,-122.424135
37.790153,-122.424949
37.789881,-122.427147
37.790752,-122.42761
37.790488,-122.428271
37.790318,-122.427245
37.793288,-122.427381
37.791542,-122.428441
37.792211,-122.428137
37.792656,-122.427792
37.792368,-122.429186
37.792711,-122.426955
37.792349,-122.425993
37.792884,-122.425738
37.792008,-122.425249
37.791827,-122.426128
37.79208,-122.424525
37.792106,-122.425999
37.793338,-122.426514
37.793307,-122.424719
37.794703,-122.424704
37.794478,-122.426712
37.792365,-122.422936
37.791236,-122.423719
37.790334,-122.42387
37.792045,-122.422516
37.795483,-122.423593
37.794956,-122.423065
37.796248,-122.423725
37.766465,-122.424165
37.766865,-122.426468
37.767622,-122.424513
37.766195,-122.426884
37.770237,-122.422574
37.770603,-122.422557
37.770422,-122.422655
37.769688,-122.423641
37.766171,-122.422716
37.764737,-122.42276
37.764733,-122.423317
37.764069,-122.423953
37.765269,-122.422633
37.764759,-122.423073
37.764968,-122.423225
37.764033,-122.422716
37.771322,-122.423891
37.771946,-122.423626
37.77189,-122.422703
37.771671,-122.424029
37.771705,-122.422882
37.771586,-122.422695
37.771183,-122.423169
37.771444,-122.423648
37.764649,-122.425494
37.763817,-122.4261
37.764575,-122.42587
37.764908,-122.426605
37.764535,-122.425645
37.763141,-122.426577
37.764807,-122.42518
37.764112,-122.426873
37.763727,-122.424179
37.764887,-122.42431
37.764462,-122.42672
37.76412,-122.42653
37.764944,-122.424083
37.764453,-122.428022
37.764476,-122.427722
37.763981,-122.427038
37.764204,-122.427108
37.764437,-122.427151
37.771161,-122.424081
37.77171,-122.425678
37.77018,-122.426849
37.770531,-122.425457
37.771871,-122.42428
37.771762,-122.426479
37.771037,-122.424751
37.7716,-122.426839
37.771042,-122.426602
37.770862,-122.426722
37.770734,-122.425194
37.770181,-122.42593
37.770675,-122.425272
37.771279,-122.424506
37.771567,-122.425369
37.770783,-122.425481
37.770964,-122.425635
37.769612,-122.428657
37.769131,-122.429212
37.769404,-122.428488
37.769411,-122.428756
37.771741,-122.427119
37.770513,-122.427439
37.771713,-122.433215
37.771485,-122.433583
37.771728,-122.432964
37.770841,-122.433683
37.771631,-122.433552
37.766049,-122.429153
37.765986,-122.428865
37.766328,-122.427683
37.765878,-122.427837
37.765584,-122.427011
37.764542,-122.429721
37.766515,-122.428772
37.76568,-122.427364
37.768876,-122.426804
37.770233,-122.424568
37.769517,-122.42678
37.7696,-122.425391
37.768178,-122.424675
37.768059,-122.424938
37.769655,-122.424483
37.77008,-122.425494
37.768027,-122.423229
37.767969,-122.424036
37.763169,-122.423053
37.763359,-122.422648
37.763128,-122.432037
37.764404,-122.43218
37.765187,-122.431584
37.764999,-122.432382
37.764497,-122.432489
37.76418,-122.432358
37.764485,-122.430462
37.765731,-122.431436
37.766194,-122.430338
37.76544,-122.431981
37.765321,-122.431115
37.764198,-122.431958
37.764634,-122.432208
37.764287,-122.43138
37.764944,-122.433312
37.764293,-122.433485
37.763604,-122.433588
37.764657,-122.432784
37.764523,-122.43298
37.763764,-122.432926
37.766303,-122.430822
37.766988,-122.430998
37.766581,-122.430317
37.7667,-122.431061
37.769543,-122.426966
37.768156,-122.429113
37.767856,-122.428248
37.769614,-122.427372
37.766978,-122.429318
37.767943,-122.427299
37.768837,-122.426959
37.767521,-122.428701
37.768613,-122.42919
37.76779,-122.429157
37.768699,-122.427193
37.769447,-122.427937
37.767076,-122.42973
37.767654,-122.428546
37.771768,-122.432332
37.7707,-122.431935
37.770868,-122.432034
37.771904,-122.431265
37.771949,-122.430461
37.771877,-122.43168
37.771767,-122.431923
37.771291,-122.430123
37.771374,-122.430431
37.771612,-122.430216
37.763087,-122.424094
37.763096,-122.424389
37.761361,-122.434917
37.761585,-122.433812
37.760524,-122.434817
37.760266,-122.434912
37.76088,-122.434104
37.760964,-122.435392
37.760926,-122.43377
37.761826,-122.435026
37.761134,-122.435095
37.761635,-122.435129
37.76086,-122.434996
37.761429,-122.435165
37.760977,-122.434753
37.76234,-122.435009
37.762009,-122.435002
37.762,-122.43523
37.762456,-122.435089
37.759161,-122.435661
37.759121,-122.43659
37.759345,-122.435453
37.759347,-122.436492
37.762295,-122.43751
37.762819,-122.435545
37.762354,-122.436205
37.759922,-122.438272
37.760721,-122.438594
37.759738,-122.439346
37.762972,-122.434356
37.763056,-122.435325
37.762833,-122.434545
37.762918,-122.435055
37.759343,-122.435016
37.759192,-122.43532
37.759917,-122.434762
37.759706,-122.434771
37.76016,-122.43479
37.759541,-122.434987
37.75933,-122.43469
37.76077,-122.435642
37.760753,-122.436435
37.7603,-122.436204
37.759943,-122.436118
37.76092,-122.43583
37.760823,-122.437401
37.762253,-122.435599
37.760819,-122.437675
37.760299,-122.437185
37.76051,-122.436162
37.759824,-122.436672
37.759758,-122.436954
37.807306,-122.430924
37.806737,-122.432089
37.807413,-122.430235
37.807241,-122.429837
37.8068,-122.43135
37.805859,-122.426435
37.806584,-122.425228
37.807174,-122.426219
37.806514,-122.424145
37.806637,-122.424733
37.805653,-122.42652
37.805665,-122.426479
37.806403,-122.424878
37.806683,-122.425895
37.806538,-122.423917
37.806898,-122.423181
37.80721,-122.422766
37.804863,-122.433575
37.805574,-122.433021
37.80472,-122.43276
37.806622,-122.430856
37.805538,-122.43099
37.804524,-122.432326
37.805627,-122.431899
37.805043,-122.431935
37.806456,-122.430468
37.806238,-122.429887
37.806508,-122.431257
37.805467,-122.432203
37.806286,-122.432109
37.806037,-122.423215
37.806305,-122.423882
37.806403,-122.423654
37.805875,-122.422944
37.805416,-122.423491
37.805955,-122.42252
37.806719,-122.42291
37.806539,-122.423457
37.807384,-122.429406
37.807511,-122.428864
37.805292,-122.424455
37.80627,-122.424399
37.80567,-122.42616
37.80574,-122.427344
37.807292,-122.428254
37.805703,-122.426996
37.807217,-122.428492
37.805105,-122.429559
37.807475,-122.427738
37.807151,-122.427641
37.804964,-122.429138
37.805955,-122.427143
37.806101,-122.429382
37.80579,-122.429208
37.806864,-122.427381
37.805504,-122.427461
37.805757,-122.428718
37.805544,-122.427891
37.806402,-122.427545
37.780919,-122.413325
37.78129,-122.411937
37.781204,-122.412284
37.780967,-122.41163
37.780992,-122.412183
37.781624,-122.411399
37.788333,-122.42172
37.787217,-122.421448
37.785775,-122.421703
37.787675,-122.421596
37.78734,-122.422337
37.782529,-122.418001
37.784162,-122.417599
37.783631,-122.415801
37.782599,-122.417369
37.783488,-122.416996
37.784579,-122.415611
37.782902,-122.415589
37.783794,-122.41788
37.782851,-122.417785
37.783905,-122.417389
37.784372,-122.417407
37.784277,-122.418147
37.782683,-122.416072
37.783013,-122.417959
37.783417,-122.41765
37.783044,-122.417443
37.784547,-122.41595
37.784071,-122.415975
37.783295,-122.415931
37.783462,-122.415655
37.783148,-122.412207
37.783192,-122.412589
37.783253,-122.411325
37.782124,-122.411321
37.782196,-122.412182
37.78224,-122.411718
37.782536,-122.412228
37.783987,-122.411608
37.783036,-122.411453
37.783195,-122.411873
37.781832,-122.41151
37.788911,-122.412545
37.789358,-122.411945
37.789695,-122.412405
37.788623,-122.412544
37.789634,-122.41184
37.787989,-122.412737
37.78697,-122.4121
37.787071,-122.411295
37.786826,-122.41183
37.787849,-122.411385
37.788043,-122.411655
37.787639,-122.412692
37.786451,-122.41232
37.787782,-122.411804
37.788375,-122.411737
37.786239,-122.412271
37.786674,-122.412387
37.787243,-122.411701
37.788798,-122.411377
37.78691,-122.412704
37.786382,-122.411353
37.785973,-122.41243
37.784722,-122.41273
37.784239,-122.412034
37.784046,-122.412418
37.785917,-122.412684
37.786134,-122.411544
37.786064,-122.412186
37.784557,-122.411776
37.783808,-122.412692
37.785185,-122.412588
37.784414,-122.412174
37.785881,-122.411839
37.78518,-122.411368
37.785823,-122.413358
37.784614,-122.415289
37.784493,-122.414365
37.785427,-122.412999
37.784825,-122.413872
37.783727,-122.414962
37.784706,-122.414814
37.784894,-122.413389
37.783876,-122.4139
37.785723,-122.413134
37.783755,-122.414168
37.784787,-122.414363
37.785063,-122.414603
37.783988,-122.412925
37.784841,-122.413633
37.781003,-122.413913
37.783058,-122.412873
37.782595,-122.414987
37.781812,-122.413143
37.781883,-122.414298
37.781622,-122.413759
37.781869,-122.413492
37.780935,-122.41476
37.782922,-122.413756
37.781849,-122.4151
37.780915,-122.414508
37.782954,-122.413494
37.782069,-122.413847
37.781847,-122.41487
37.782367,-122.413884
37.782064,-122.415521
37.780947,-122.415243
37.783527,-122.422277
37.785578,-122.421749
37.784216,-122.421682
37.78456,-122.422184
37.78551,-122.421534
37.785547,-122.421641
37.785527,-122.422201
37.784619,-122.421746
37.784535,-122.419953
37.785051,-122.421078
37.783956,-122.421238
37.784467,-122.42098
37.785934,-122.419034
37.786448,-122.418991
37.786243,-122.418765
37.786485,-122.418712
37.785955,-122.418801
37.783982,-122.420409
37.785655,-122.418473
37.784099,-122.419952
37.784808,-122.419455
37.785137,-122.42106
37.784613,-122.418985
37.785484,-122.419888
37.784586,-122.419265
37.785608,-122.418575
37.785002,-122.418905
37.782318,-122.420513
37.781579,-122.420388
37.783062,-122.418925
37.783854,-122.419255
37.78288,-122.419016
37.783098,-122.420015
37.78253,-122.419187
37.782043,-122.419462
37.782776,-122.420609
37.783504,-122.420617
37.783108,-122.418601
37.783719,-122.418627
37.782477,-122.420116
37.782385,-122.421654
37.781536,-122.421311
37.782921,-122.421323
37.780991,-122.421577
37.78115,-122.419116
37.781037,-122.421097
37.781804,-122.415897
37.781326,-122.416924
37.781048,-122.418105
37.78173,-122.415675
37.781307,-122.416337
37.781743,-122.418267
37.782284,-122.41725
37.782738,-122.415637
37.781662,-122.417439
37.781814,-122.417608
37.781593,-122.416767
37.782297,-122.416948
37.78648,-122.416103
37.784955,-122.417975
37.787218,-122.416187
37.786285,-122.416249
37.784729,-122.418057
37.786242,-122.417822
37.784613,-122.418381
37.785363,-122.417178
37.786772,-122.415759
37.78568,-122.418215
37.787224,-122.41643
37.786384,-122.41829
37.785711,-122.415736
37.785323,-122.418059
37.785978,-122.418022
37.786347,-122.418046
37.785263,-122.416581
37.785066,-122.41823
37.786129,-122.417578
37.786294,-122.417466
37.785362,-122.417434
37.785007,-122.416311
37.786887,-122.417138
37.786179,-122.417087
37.786183,-122.416539
37.78604,-122.417796
37.78676,-122.418061
37.785713,-122.416416
37.786332,-122.41581
37.785326,-122.416213
37.785551,-122.416275
37.786174,-122.418356
37.785661,-122.414885
37.787505,-122.415346
37.7855,-122.414728
37.786726,-122.414073
37.786055,-122.413267
37.786367,-122.413233
37.787425,-122.414726
37.787638,-122.414344
37.786442,-122.414731
37.786358,-122.415539
37.788219,-122.413391
37.787249,-122.413944
37.785807,-122.414588
37.786999,-122.414807
37.785768,-122.414027
37.785789,-122.413713
37.785728,-122.414286
37.785583,-122.415337
37.785405,-122.415218
37.789328,-122.413578
37.788003,-122.415032
37.789611,-122.413952
37.789132,-122.413527
37.788503,-122.415059
37.789432,-122.413844
37.788378,-122.414432
37.788444,-122.413976
37.78955,-122.414468
37.788385,-122.414779
37.788597,-122.414345
37.78832,-122.413654
37.788544,-122.4134
37.78947,-122.415044
37.788678,-122.413868
37.788292,-122.416716
37.787185,-122.417903
37.786927,-122.418373
37.787176,-122.418273
37.788006,-122.417725
37.788095,-122.417071
37.788417,-122.415761
37.78698,-122.418138
37.78858,-122.417009
37.788881,-122.417897
37.789498,-122.416984
37.788089,-122.41839
37.788389,-122.416274
37.788962,-122.416592
37.789137,-122.416186
37.788561,-122.416695
37.787441,-122.416836
37.787546,-122.418286
37.787125,-122.417129
37.789347,-122.415905
37.787903,-122.418285
37.787555,-122.420001
37.788293,-122.419484
37.78824,-122.420012
37.787185,-122.42014
37.787814,-122.42046
37.787381,-122.419616
37.786898,-122.418958
37.78742,-122.418523
37.786933,-122.420105
37.786928,-122.418669
37.786184,-122.421234
37.786182,-122.420729
37.787855,-122.418926
37.788365,-122.419147
37.788177,-122.420415
37.787365,-122.419952
37.78686,-122.419288
37.787602,-122.420593
37.787794,-122.420713
37.786632,-122.420851
37.788379,-122.420406
37.787296,-122.420454
37.786674,-122.419999
37.78874,-122.419503
37.786434,-122.419382
37.789507,-122.420928
37.789326,-122.420385
37.7888,-122.420207
37.789718,-122.420388
37.789231,-122.420833
37.789278,-122.419265
37.772408,-122.418248
37.772422,-122.416538
37.773041,-122.415951
37.774028,-122.411806
37.772757,-122.412607
37.773787,-122.411451
37.772583,-122.412365
37.77312,-122.412223
37.772371,-122.412448
37.772243,-122.41167
37.772894,-122.412205
37.773132,-122.412599
37.774073,-122.412222
37.775974,-122.412046
37.776378,-122.411287
37.774266,-122.412444
37.775716,-122.41246
37.775418,-122.412484
37.776247,-122.411447
37.775997,-122.411744
37.775622,-122.412227
37.774989,-122.412234
37.774436,-122.411985
37.774749,-122.412687
37.775492,-122.41546
37.775781,-122.413397
37.774547,-122.414829
37.773745,-122.414555
37.774276,-122.413573
37.775141,-122.413623
37.775608,-122.414886
37.77537,-122.412888
37.773919,-122.414382
37.775012,-122.413035
37.774317,-122.413646
37.774174,-122.415414
37.773328,-122.415499
37.774881,-122.413932
37.774583,-122.414293
37.774245,-122.414477
37.774509,-122.414071
37.774752,-122.413778
37.773396,-122.418032
37.774755,-122.416463
37.774189,-122.417533
37.773009,-122.41829
37.773395,-122.417991
37.773341,-122.417917
37.774638,-122.415603
37.77362,-122.417724
37.773803,-122.415748
37.778881,-122.418534
37.776881,-122.421223
37.777323,-122.418997
37.777471,-122.419998
37.776462,-122.421182
37.779342,-122.418786
37.777909,-122.420994
37.778169,-122.419632
37.776835,-122.419778
37.778656,-122.420344
37.778026,-122.419221
37.777108,-122.420787
37.778096,-122.420021
37.7776,-122.41857
37.777969,-122.420212
37.779495,-122.418586
37.778265,-122.419271
37.77856,-122.420757
37.77711,-122.42015
37.778762,-122.419678
37.778209,-122.411577
37.778686,-122.411932
37.778562,-122.412221
37.77854,-122.411608
37.778379,-122.411765
37.778191,-122.411293
37.777302,-122.411743
37.77685,-122.412014
37.779002,-122.411542
37.780051,-122.412188
37.780327,-122.412509
37.779821,-122.412233
37.780806,-122.412641
37.779511,-122.411715
37.780508,-122.41226
37.780116,-122.412674
37.780362,-122.411351
37.779579,-122.412399
37.778697,-122.421931
37.778724,-122.421442
37.780564,-122.422458
37.773446,-122.414996
37.773444,-122.413455
37.772602,-122.41515
37.77319,-122.413188
37.773117,-122.413419
37.772075,-122.414511
37.773976,-122.413045
37.772525,-122.413048
37.772055,-122.411716
37.773005,-122.420972
37.77347,-122.420213
37.772603,-122.420756
37.772392,-122.418677
37.772644,-122.419407
37.773261,-122.420176
37.772928,-122.420322
37.773179,-122.420693
37.773491,-122.419775
37.772441,-122.419724
37.773593,-122.419455
37.772367,-122.420929
37.773623,-122.419961
37.772538,-122.419958
37.773459,-122.421092
37.775522,-122.419064
37.77512,-122.419635
37.774863,-122.420689
37.775467,-122.419853
37.775216,-122.419839
37.775034,-122.419887
37.775679,-122.419616
37.776163,-122.420554
37.776114,-122.419657
37.77541,-122.420279
37.77459,-122.420373
37.775315,-122.419536
37.775807,-122.420545
37.774609,-122.421889
37.774291,-122.421606
37.774207,-122.422199
37.77598,-122.422024
37.776254,-122.421373
37.772347,-122.421633
37.772844,-122.42191
37.772582,-122.421854
37.772993,-122.421711
37.772794,-122.421494
37.777113,-122.42207
37.776164,-122.421862
37.776484,-122.42196
37.776859,-122.42235
37.776955,-122.421611
37.778077,-122.422042
37.777391,-122.422365
37.779296,-122.419635
37.778949,-122.420974
37.779696,-122.419906
37.780418,-122.420112
37.780585,-122.421226
37.780626,-122.420971
37.779039,-122.420322
37.780263,-122.420673
37.779109,-122.420815
37.780459,-122.420626
37.78002,-122.419383
37.779365,-122.4203
37.780764,-122.420674
37.78037,-122.418814
37.779524,-122.420601
37.780476,-122.418457
37.780715,-122.416868
37.780785,-122.417966
37.780264,-122.416384
37.780266,-122.416774
37.780114,-122.417227
37.779655,-122.418279
37.780835,-122.415516
37.779973,-122.415459
37.77941,-122.413731
37.780054,-122.41364
37.779571,-122.413577
37.779157,-122.413863
37.779946,-122.413
37.779509,-122.414897
37.780044,-122.41494
37.779113,-122.414581
37.780333,-122.413538
37.779009,-122.414915
37.779874,-122.414352
37.778819,-122.414387
37.779812,-122.412982
37.780115,-122.413421
37.778263,-122.415163
37.780028,-122.41451
37.779492,-122.413341
37.780155,-122.413154
37.779842,-122.414937
37.779289,-122.414786
37.778621,-122.41511
37.778336,-122.418374
37.777912,-122.418001
37.778864,-122.415783
37.779636,-122.417564
37.778399,-122.417563
37.778414,-122.416021
37.777851,-122.416259
37.779668,-122.417933
37.779078,-122.417229
37.779903,-122.416682
37.779766,-122.417221
37.779018,-122.417704
37.77802,-122.416412
37.779241,-122.417128
37.779033,-122.418209
37.7797,-122.41593
37.7799,-122.415982
37.77803,-122.41827
37.779297,-122.416549
37.776441,-122.41689
37.775509,-122.416085
37.776531,-122.416647
37.775711,-122.415614
37.776453,-122.417957
37.776862,-122.416946
37.777443,-122.417106
37.777521,-122.416687
37.777152,-122.41762
37.776557,-122.417276
37.777066,-122.416595
37.776289,-122.417461
37.776494,-122.414901
37.778555,-122.41355
37.776497,-122.414177
37.777928,-122.412827
37.778237,-122.413234
37.776525,-122.413228
37.776814,-122.415298
37.777983,-122.41335
37.776884,-122.413771
37.776511,-122.414487
37.778076,-122.415119
37.777716,-122.413716
37.778293,-122.413651
37.777502,-122.413464
37.776241,-122.414991
37.755292,-122.422955
37.75525,-122.423352
37.756506,-122.423285
37.755059,-122.423807
37.760656,-122.432809
37.760131,-122.432765
37.759453,-122.433181
37.760284,-122.433726
37.756534,-122.425794
37.757115,-122.425825
37.756589,-122.423603
37.756874,-122.42307
37.757523,-122.423306
37.759048,-122.42271
37.757906,-122.423223
37.760908,-122.43337
37.763024,-122.432849
37.760952,-122.432911
37.760973,-122.432598
37.762743,-122.432558
37.762617,-122.43168
37.762006,-122.430448
37.762293,-122.430374
37.762796,-122.431031
37.762139,-122.429746
37.762369,-122.422725
37.761471,-122.424001
37.761816,-122.423735
37.761657,-122.423634
37.760034,-122.423921
37.759943,-122.423491
37.760376,-122.423847
37.759953,-122.422682
37.759703,-122.422749
37.759697,-122.427499
37.757999,-122.427924
37.758258,-122.427764
37.758219,-122.427518
37.759709,-122.428115
37.759739,-122.427751
37.758936,-122.427049
37.759905,-122.424992
37.758818,-122.425701
37.759805,-122.426356
37.758958,-122.426748
37.760383,-122.425835
37.761351,-122.425971
37.761518,-122.425743
37.762092,-122.42603
37.761468,-122.424741
37.763001,-122.42844
37.762782,-122.429495
37.762837,-122.428232
37.762441,-122.42851
37.762917,-122.427424
37.762802,-122.428696
37.76122,-122.428163
37.761142,-122.42923
37.761197,-122.428491
37.760405,-122.428596
37.761005,-122.427784
37.762139,-122.428385
37.761021,-122.43034
37.759371,-122.432392
37.760307,-122.432503
37.761218,-122.431
37.76124,-122.430446
37.792184,-122.412135
37.792647,-122.411781
37.792259,-122.412144
37.791574,-122.412139
37.79176,-122.412393
37.792003,-122.41201
37.793174,-122.412332
37.792235,-122.411915
37.791078,-122.412725
37.793563,-122.419502
37.793232,-122.420885
37.794177,-122.420527
37.789896,-122.411587
37.790755,-122.412143
37.791269,-122.413464
37.792042,-122.413567
37.792175,-122.413137
37.793044,-122.412862
37.790886,-122.41414
37.791588,-122.413694
37.792026,-122.412785
37.792924,-122.413592
37.791289,-122.413191
37.791294,-122.414361
37.791897,-122.413286
37.791953,-122.413858
37.792449,-122.414161
37.790204,-122.415419
37.791686,-122.413313
37.792472,-122.412864
37.791926,-122.413
37.791685,-122.414052
37.790008,-122.415443
37.791408,-122.412822
37.790189,-122.417355
37.790871,-122.417297
37.791108,-122.415991
37.790108,-122.415827
37.789859,-122.417539
37.790641,-122.419731
37.79119,-122.419258
37.790715,-122.420848
37.789907,-122.419135
37.790431,-122.421087
37.790763,-122.420171
37.794051,-122.411477
37.792961,-122.416335
37.792802,-122.416194
37.793524,-122.416321
37.792673,-122.417894
37.793823,-122.417398
37.793856,-122.417104
37.794025,-122.414396
37.793723,-122.413011
37.792892,-122.414528
37.793044,-122.415576
37.790322,-122.421997
37.790375,-122.421514
37.795663,-122.420626
37.796395,-122.422058
37.795022,-122.422382
37.795842,-122.421638
37.796019,-122.421942
37.793167,-122.421381
37.793134,-122.421796
37.794345,-122.421583
37.794244,-122.421334
37.794947,-122.42144
37.792964,-122.421294
37.791931,-122.421281
37.791241,-122.422312
37.791851,-122.422422
37.792213,-122.421891
37.792676,-122.421292
37.792373,-122.42064
37.791517,-122.420403
37.791573,-122.421168
37.791425,-122.420808
37.791935,-122.42063
37.79103,-122.420879
37.763827,-122.411453
37.764094,-122.412703
37.763625,-122.411377
37.764015,-122.411424
37.763881,-122.412189
37.764153,-122.41183
37.764154,-122.411421
37.76415,-122.412084
37.763199,-122.417157
37.765551,-122.41303
37.765139,-122.414364
37.765581,-122.413935
37.763953,-122.415483
37.767887,-122.413092
37.768603,-122.413711
37.768517,-122.415042
37.767037,-122.415312
37.767792,-122.415457
37.768985,-122.419496
37.768868,-122.419483
37.767151,-122.420068
37.767429,-122.420057
37.768394,-122.419763
37.767316,-122.42055
37.769079,-122.419298
37.768102,-122.420318
37.767338,-122.420282
37.771543,-122.42226
37.77176,-122.421631
37.769337,-122.421862
37.770088,-122.422327
37.769582,-122.421349
37.770474,-122.421714
37.77023,-122.42141
37.770368,-122.422341
37.770119,-122.421749
37.769529,-122.422496
37.770154,-122.422034
37.769738,-122.421578
37.769193,-122.421536
37.76937,-122.421593
37.769261,-122.422101
37.765609,-122.412339
37.766247,-122.411825
37.766329,-122.411492
37.765654,-122.411673
37.763674,-122.414122
37.763559,-122.415056
37.763285,-122.415304
37.770849,-122.415181
37.769401,-122.414703
37.770505,-122.4155
37.769373,-122.415114
37.771192,-122.414077
37.771426,-122.41313
37.771244,-122.413067
37.770994,-122.412825
37.769761,-122.414911
37.770435,-122.415198
37.769043,-122.41464
37.769786,-122.414125
37.770368,-122.413169
37.77009,-122.415337
37.769719,-122.414492
37.771092,-122.413297
37.770127,-122.41344
37.769863,-122.413385
37.768355,-122.417607
37.769462,-122.417515
37.767883,-122.417677
37.768545,-122.416922
37.769315,-122.415896
37.768567,-122.416651
37.769234,-122.416779
37.769299,-122.416459
37.769141,-122.415702
37.768209,-122.416809
37.769223,-122.417065
37.768604,-122.416045
37.768668,-122.415782
37.768883,-122.41769
37.771701,-122.416621
37.770855,-122.418274
37.770446,-122.417509
37.77173,-122.413784
37.771457,-122.414404
37.771007,-122.415481
37.771708,-122.414059
37.771142,-122.415329
37.771573,-122.412399
37.770026,-122.411884
37.771425,-122.411759
37.769681,-122.41155
37.771625,-122.420792
37.770728,-122.420691
37.770491,-122.420357
37.771125,-122.420455
37.770343,-122.420871
37.771763,-122.419561
37.770217,-122.420499
37.769848,-122.421101
37.769847,-122.42029
37.766487,-122.422306
37.768089,-122.421536
37.766822,-122.422264
37.766968,-122.422058
37.768709,-122.422402
37.768093,-122.422038
37.767165,-122.421601
37.767344,-122.422042
37.768735,-122.422169
37.768211,-122.422483
37.766902,-122.421562
37.768558,-122.422125
37.764829,-122.421976
37.766345,-122.421521
37.765835,-122.421531
37.765452,-122.421407
37.766234,-122.421968
37.765065,-122.421344
37.766085,-122.421325
37.766647,-122.421508
37.764345,-122.421775
37.765513,-122.422078
37.765029,-122.421641
37.766513,-122.421769
37.764787,-122.42244
37.763377,-122.421921
37.763948,-122.421765
37.763654,-122.421743
37.763323,-122.419702
37.764125,-122.419777
37.763571,-122.418762
37.763262,-122.419971
37.76378,-122.418721
37.764207,-122.420519
37.764887,-122.418788
37.763498,-122.420166
37.765046,-122.418956
37.765338,-122.419595
37.766514,-122.421203
37.765181,-122.420233
37.766627,-122.419578
37.765753,-122.419657
37.765161,-122.420558
37.765349,-122.419365
37.765065,-122.421064
37.765257,-122.418439
37.764869,-122.420674
37.764824,-122.420024
37.766645,-122.419125
37.767159,-122.419247
37.764651,-122.42047
37.766121,-122.419732
37.767836,-122.416573
37.76734,-122.41763
37.766761,-122.417272
37.76764,-122.416577
37.766889,-122.418089
37.765837,-122.417479
37.766372,-122.41754
37.767241,-122.416505
37.76405,-122.417266
37.763705,-122.416698
37.76465,-122.416432
37.764766,-122.417333
37.763509,-122.416707
37.756072,-122.406893
37.755068,-122.405583
37.755572,-122.404962
37.75507,-122.405234
37.755654,-122.405717
37.756998,-122.405625
37.755216,-122.406334
37.7555,-122.4062
37.756986,-122.406289
37.756786,-122.405192
37.757742,-122.409483
37.757736,-122.409736
37.757389,-122.407834
37.756076,-122.409723
37.757472,-122.409746
37.76169,-122.409975
37.760857,-122.411172
37.762122,-122.410046
37.760527,-122.410575
37.762264,-122.410827
37.761797,-122.408524
37.763004,-122.409805
37.762455,-122.406146
37.761986,-122.406173
37.762014,-122.407016
37.762006,-122.405452
37.759905,-122.40516
37.762317,-122.40284
37.761692,-122.40338
37.758295,-122.40404
37.75974,-122.402927
37.759438,-122.404194
37.760106,-122.403216
37.758597,-122.402119
37.758102,-122.403863
37.75467,-122.403702
37.754745,-122.404357
37.759661,-122.405135
37.757941,-122.406466
37.759318,-122.408824
37.75907,-122.40966
37.761225,-122.408039
37.760378,-122.40927
37.758725,-122.409898
37.75919,-122.407997
37.759293,-122.407216
37.759155,-122.409381
37.758993,-122.409654
37.760314,-122.411117
37.75827,-122.410546
37.759606,-122.410725
37.758908,-122.409963
37.755815,-122.411168
37.757651,-122.410453
37.755862,-122.410723
37.757429,-122.411106
37.754412,-122.410435
37.754606,-122.410217
37.755975,-122.408748
37.755016,-122.407589
37.754357,-122.408912
37.755366,-122.409308
37.781183,-122.389741
37.786694,-122.39549
37.788059,-122.394264
37.788123,-122.393307
37.787478,-122.394119
37.787436,-122.393064
37.787921,-122.395428
37.787736,-122.393795
37.788589,-122.395644
37.785016,-122.395735
37.785428,-122.393561
37.785085,-122.395528
37.784393,-122.395633
37.783024,-122.389058
37.783029,-122.389399
37.783626,-122.389515
37.788874,-122.399993
37.78958,-122.398843
37.787867,-122.399321
37.788173,-122.398838
37.789137,-122.39942
37.788027,-122.399497
37.788629,-122.399411
37.789116,-122.399823
37.788241,-122.398925
37.789035,-122.398865
37.788861,-122.398999
37.788327,-122.399017
37.789743,-122.398607
37.7884,-122.398873
37.789649,-122.396253
37.789268,-122.398478
37.788757,-122.396942
37.789029,-122.39698
37.789483,-122.396619
37.788579,-122.397588
37.788728,-122.39835
37.788866,-122.395903
37.789308,-122.397926
37.789291,-122.396625
37.78871,-122.398029
37.788395,-122.398018
37.788876,-122.398534
37.788782,-122.396675
37.788978,-122.397739
37.789178,-122.39491
37.789443,-122.389442
37.789018,-122.388897
37.789532,-122.388766
37.789031,-122.389464
37.789705,-122.389879
37.786457,-122.390082
37.788007,-122.389767
37.78628,-122.389976
37.784945,-122.390017
37.785984,-122.396725
37.785115,-122.395825
37.785655,-122.397042
37.785296,-122.397216
37.785793,-122.397197
37.785206,-122.395889
37.784229,-122.395788
37.785117,-122.397068
37.78556,-122.396562
37.784148,-122.397795
37.784389,-122.398367
37.784515,-122.397873
37.787521,-122.396551
37.787192,-122.397932
37.786344,-122.397988
37.786256,-122.397324
37.788109,-122.396177
37.787422,-122.397289
37.788118,-122.397753
37.788336,-122.396518
37.788077,-122.396355
37.787202,-122.39752
37.788709,-122.396329
37.787532,-122.398508
37.786347,-122.398449
37.787606,-122.398253
37.787851,-122.39734
37.787191,-122.396498
37.787569,-122.397126
37.787986,-122.39796
37.787464,-122.397685
37.786147,-122.397658
37.787984,-122.398365
37.787701,-122.396844
37.787958,-122.396568
37.787805,-122.398845
37.785511,-122.39972
37.787539,-122.399459
37.787472,-122.399524
37.786778,-122.399816
37.786484,-122.399117
37.787407,-122.399237
37.786543,-122.399604
37.786357,-122.399303
37.787603,-122.399077
37.785944,-122.399086
37.784729,-122.399947
37.783754,-122.399258
37.782933,-122.399834
37.784895,-122.399127
37.783985,-122.398973
37.784354,-122.399366
37.785024,-122.399456
37.783792,-122.39863
37.782688,-122.399169
37.782451,-122.3993
37.782129,-122.39953
37.781144,-122.399381
37.781779,-122.39605
37.781454,-122.398569
37.782092,-122.398197
37.782133,-122.397724
37.782151,-122.397415
37.783114,-122.397907
37.781563,-122.39596
37.782809,-122.391085
37.78086,-122.391179
37.78233,-122.391651
37.782299,-122.391339
37.782384,-122.392594
37.78134,-122.394293
37.781145,-122.395408
37.78174,-122.394745
37.781964,-122.394525
37.781409,-122.395076
37.781995,-122.393833
37.781828,-122.394996
37.781311,-122.393563
37.781019,-122.394337
37.780994,-122.393379
37.781653,-122.394303
37.781844,-122.394024
37.781525,-122.394073
37.781137,-122.393696
37.784175,-122.395551
37.782326,-122.394372
37.7837,-122.394125
37.782582,-122.39342
37.782069,-122.395198
37.783344,-122.393158
37.78334,-122.393781
37.785068,-122.390916
37.784955,-122.390281
37.785399,-122.390672
37.782931,-122.392788
37.784079,-122.390718
37.786361,-122.391248
37.786826,-122.391349
37.786757,-122.391921
37.787494,-122.391886
37.786406,-122.392843
37.787752,-122.390688
37.786844,-122.392356
37.787503,-122.390346
37.78863,-122.391112
37.78848,-122.392822
37.789612,-122.390865
37.789202,-122.392506
37.788345,-122.390901
37.789213,-122.390651
37.779887,-122.389951
37.779238,-122.389855
37.779548,-122.389362
37.779728,-122.389301
37.779533,-122.389009
37.779394,-122.389615
37.776204,-122.389732
37.776401,-122.389719
37.776458,-122.388807
37.776558,-122.389188
37.776409,-122.389357
37.775844,-122.389752
37.776542,-122.389419
37.779688,-122.39533
37.7799,-122.394849
37.779932,-122.393977
37.779858,-122.398
37.780653,-122.397718
37.779164,-122.397802
37.780622,-122.396098
37.779434,-122.398085
37.779238,-122.396412
37.779525,-122.397787
37.779403,-122.397298
37.779812,-122.397569
37.780367,-122.397253
37.779637,-122.396988
37.779397,-122.396169
37.77953,-122.396012
37.778985,-122.399021
37.779171,-122.398791
37.77892,-122.391047
37.779327,-122.390229
37.780487,-122.390546
37.778394,-122.392701
37.779064,-122.390117
37.778687,-122.391382
37.778638,-122.390648
37.779077,-122.39233
37.7788,-122.390495
37.778897,-122.390275
37.780659,-122.390755
37.779308,-122.39061
37.780158,-122.391325
37.778427,-122.391985
37.779427,-122.392253
37.776529,-122.389614
37.776584,-122.390028
37.77787,-122.388799
37.777525,-122.389785
37.777716,-122.389261
37.777719,-122.388979
37.772155,-122.389375
37.773267,-122.389657
37.776574,-122.397112
37.774879,-122.398065
37.775951,-122.396272
37.775195,-122.398516
37.77403,-122.399137
37.7759,-122.398985
37.775675,-122.398936
37.777586,-122.39961
37.776082,-122.39915
37.779028,-122.395863
37.779036,-122.396136
37.77878,-122.397307
37.778467,-122.396911
37.778063,-122.396003
37.776622,-122.398558
37.777748,-122.395609
37.779328,-122.395479
37.777967,-122.394094
37.7788,-122.393916
37.777531,-122.394636
37.779299,-122.393051
37.779604,-122.393469
37.777512,-122.395326
37.779172,-122.393452
37.775756,-122.394534
37.775537,-122.395087
37.776298,-122.393543
37.776471,-122.394376
37.777552,-122.393345
37.776606,-122.3947
37.776911,-122.392957
37.775239,-122.394995
37.775736,-122.394834
37.776838,-122.391274
37.778124,-122.390951
37.777493,-122.391317
37.777284,-122.390379
37.777926,-122.390664
37.77719,-122.392591
37.776997,-122.39056
37.777459,-122.390629
37.777226,-122.391141
37.776478,-122.391129
37.77683,-122.392522
37.777861,-122.391168
37.777605,-122.391084
37.777422,-122.39011
37.778432,-122.390957
37.776646,-122.39289
37.778645,-122.390358
37.778042,-122.391393
37.772255,-122.392426
37.774366,-122.39195
37.775196,-122.392686
37.772957,-122.393679
37.77393,-122.395516
37.772861,-122.3938
37.77344,-122.393273
37.77365,-122.39492
37.775209,-122.393081
37.807826,-122.402422
37.807566,-122.406862
37.808021,-122.4081
37.808482,-122.409151
37.808335,-122.408449
37.808465,-122.4094
37.80766,-122.407575
37.808043,-122.409197
37.808418,-122.408888
37.809104,-122.409286
37.80926,-122.409761
37.808734,-122.409707
37.808766,-122.409481
37.808991,-122.409509
37.809525,-122.409937
37.808677,-122.41077
37.808807,-122.410057
37.809642,-122.410227
37.808979,-122.409987
37.808248,-122.410796
37.809778,-122.41063
37.809351,-122.410241
37.810424,-122.410576
37.81019,-122.410649
37.809932,-122.410199
37.808721,-122.411239
37.810537,-122.410321
37.808428,-122.41092
37.808971,-122.410244
37.808599,-122.410172
37.809613,-122.410456
37.810119,-122.410291
37.810572,-122.411009
37.810951,-122.410056
37.810951,-122.410451
37.810493,-122.410793
37.811176,-122.410916
37.810985,-122.410783
37.810792,-122.41065
37.811184,-122.410199
37.795317,-122.393252
37.795556,-122.393434
37.796521,-122.393788
37.794484,-122.393255
37.795466,-122.395315
37.795171,-122.395713
37.795879,-122.393678
37.794898,-122.392938
37.793898,-122.395204
37.79623,-122.393978
37.795527,-122.395037
37.7953,-122.394921
37.796283,-122.394538
37.794859,-122.394514
37.795232,-122.393502
37.795292,-122.39431
37.79537,-122.393812
37.794878,-122.393217
37.795521,-122.395744
37.794871,-122.393968
37.795083,-122.393077
37.794781,-122.395195
37.794433,-122.394338
37.794166,-122.394166
37.795821,-122.394152
37.795088,-122.393931
37.794084,-122.395058
37.794063,-122.395328
37.79678,-122.393262
37.797925,-122.398789
37.797659,-122.399352
37.797807,-122.399071
37.797577,-122.398876
37.798437,-122.399934
37.795895,-122.39895
37.797173,-122.399677
37.795482,-122.39884
37.797196,-122.399305
37.795336,-122.399627
37.795362,-122.399782
37.797445,-122.398704
37.795061,-122.39945
37.795813,-122.399692
37.795685,-122.398868
37.796428,-122.399833
37.797345,-122.399173
37.79644,-122.398155
37.798105,-122.396306
37.796383,-122.39582
37.79808,-122.396016
37.795945,-122.397164
37.797275,-122.398539
37.796056,-122.398502
37.796957,-122.398191
37.796912,-122.397039
37.796146,-122.39598
37.796068,-122.397868
37.797779,-122.396621
37.797711,-122.397275
37.794683,-122.398424
37.793341,-122.397055
37.793732,-122.39702
37.79334,-122.398014
37.795604,-122.396999
37.793667,-122.397878
37.793707,-122.395986
37.794932,-122.398474
37.794309,-122.395817
37.794713,-122.396333
37.795013,-122.396089
37.793668,-122.396162
37.794834,-122.397266
37.794292,-122.398399
37.795192,-122.398057
37.794334,-122.397301
37.794486,-122.397968
37.794986,-122.397107
37.79312,-122.399889
37.794767,-122.399906
37.794803,-122.399661
37.793482,-122.398915
37.794099,-122.398906
37.793648,-122.398639
37.793366,-122.399888
37.793783,-122.399232
37.794432,-122.399145
37.794269,-122.398722
37.793387,-122.399513
37.792736,-122.399287
37.794776,-122.398722
37.794093,-122.399926
37.790357,-122.390439
37.789967,-122.391284
37.796422,-122.395551
37.797441,-122.39556
37.79719,-122.394908
37.797692,-122.393536
37.797941,-122.393013
37.796555,-122.394765
37.797152,-122.394209
37.796976,-122.394453
37.796914,-122.395129
37.79692,-122.394685
37.797212,-122.39549
37.794343,-122.389994
37.794508,-122.389739
37.791271,-122.38933
37.791541,-122.390014
37.791846,-122.389945
37.791405,-122.389595
37.790982,-122.389827
37.79013,-122.389552
37.790557,-122.389683
37.790704,-122.388903
37.789831,-122.389477
37.79037,-122.389458
37.790565,-122.38998
37.790305,-122.388817
37.791073,-122.399853
37.791383,-122.399118
37.790954,-122.399074
37.791273,-122.398721
37.791278,-122.399218
37.792443,-122.399716
37.792411,-122.39929
37.790319,-122.3996
37.791568,-122.39884
37.791045,-122.399346
37.79174,-122.398722
37.792701,-122.398834
37.789918,-122.39932
37.789794,-122.399017
37.790501,-122.397008
37.790659,-122.397303
37.789798,-122.397759
37.789793,-122.396947
37.789896,-122.396155
37.7907,-122.396105
37.791617,-122.396858
37.792057,-122.397707
37.792891,-122.396646
37.792533,-122.39705
37.790746,-122.398278
37.792075,-122.396912
37.792999,-122.397132
37.791943,-122.396145
37.793201,-122.396101
37.791149,-122.398163
37.792809,-122.397714
37.791945,-122.39429
37.792174,-122.393795
37.793374,-122.393223
37.793826,-122.393553
37.793294,-122.393495
37.793445,-122.394871
37.793886,-122.394299
37.792186,-122.393419
37.792764,-122.39363
37.793848,-122.394705
37.792931,-122.393364
37.793163,-122.393741
37.79427,-122.393462
37.792573,-122.393671
37.792439,-122.393175
37.791544,-122.393595
37.790451,-122.395198
37.790298,-122.395523
37.791207,-122.395289
37.790011,-122.394572
37.790905,-122.39431
37.789788,-122.395004
37.790186,-122.395322
37.790606,-122.393757
37.79177,-122.394058
37.791587,-122.393231
37.791046,-122.394873
37.789813,-122.393285
37.790538,-122.394864
37.790122,-122.39566
37.79252,-122.391514
37.792015,-122.392564
37.791092,-122.390854
37.791419,-122.391787
37.791002,-122.391595
37.791142,-122.391906
37.792439,-122.390714
37.792098,-122.391236
37.791413,-122.391188
37.791747,-122.39027
37.791277,-122.391031
37.792203,-122.392094
37.792214,-122.390481
37.791156,-122.39257
37.793086,-122.391408
37.793922,-122.392347
37.793654,-122.391824
37.793481,-122.391459
37.79431,-122.392761
37.794336,-122.391913
37.792746,-122.392371
37.794022,-122.391533
37.793704,-122.39109
37.793486,-122.392613
37.793859,-122.390874
37.794195,-122.390229
37.793888,-122.392045
37.794105,-122.390449
37.792823,-122.391774
37.793951,-122.390648
37.792766,-122.392799
37.793034,-122.392723
37.795364,-122.39233
37.79564,-122.392496
37.794939,-122.392525
37.770156,-122.389621
37.769664,-122.389971
37.770524,-122.389783
37.767468,-122.391458
37.768524,-122.392129
37.768119,-122.391311
37.767083,-122.391081
37.76816,-122.39187
37.7688,-122.390299
37.769041,-122.390297
37.768546,-122.391545
37.767631,-122.391827
37.767898,-122.388875
37.769032,-122.389553
37.769144,-122.389268
37.768304,-122.389515
37.765021,-122.389179
37.765252,-122.389278
37.763961,-122.388884
37.763134,-122.388954
37.765568,-122.391984
37.764956,-122.390442
37.764402,-122.391048
37.765527,-122.390638
37.766038,-122.390558
37.764557,-122.391167
37.765837,-122.390738
37.765571,-122.390177
37.77048,-122.391355
37.770699,-122.390216
37.769613,-122.390905
37.770196,-122.390477
37.769278,-122.390621
37.770847,-122.391545
37.770885,-122.391031
37.753571,-122.40933
37.754115,-122.408433
37.753769,-122.40661
37.8001,-122.394387
37.799146,-122.397198
37.798928,-122.397039
37.798885,-122.397708
37.798671,-122.396785
37.799845,-122.397919
37.801842,-122.396729
37.801847,-122.397761
37.801883,-122.397223
37.802026,-122.396574
37.801241,-122.397552
37.802379,-122.396668
37.801913,-122.396181
37.801003,-122.39837
37.801638,-122.396724
37.800986,-122.397973
37.80247,-122.397004
37.801724,-122.396443
37.800292,-122.39818
37.800632,-122.398431
37.801302,-122.397985
37.801213,-122.398276
37.801434,-122.3975
37.80115,-122.397725
37.801592,-122.397072
37.801618,-122.397739
37.802253,-122.396474
37.800469,-122.398312
37.801688,-122.39814
37.802182,-122.396822
37.801111,-122.397753
37.802102,-122.39634
37.801362,-122.398523
37.800869,-122.398623
37.801272,-122.399028
37.80112,-122.398872
37.799622,-122.399964
37.801627,-122.398599
37.801296,-122.398744
37.80075,-122.399254
37.802181,-122.399945
37.785105,-122.388294
37.784647,-122.388347
37.785076,-122.388601
37.784192,-122.388464
37.784589,-122.387609
37.785788,-122.387697
37.784908,-122.388319
37.784808,-122.38767
37.785668,-122.387693
37.783222,-122.38794
37.782043,-122.388009
37.782782,-122.387929
37.783749,-122.388368
37.783789,-122.388094
37.782494,-122.38781
37.782458,-122.388549
37.783446,-122.387638
37.789162,-122.38855
37.789063,-122.387785
37.78942,-122.387955
37.787224,-122.387355
37.786688,-122.387462
37.787898,-122.388123
37.787948,-122.387504
37.788217,-122.3882
37.788551,-122.387666
37.787657,-122.387461
37.78094,-122.387983
37.781377,-122.388083
37.781314,-122.387807
37.781077,-122.388192
37.781762,-122.387755
37.781686,-122.38709
37.77822,-122.387943
37.778127,-122.388151
37.779006,-122.38839
37.778636,-122.387712
37.778526,-122.388157
37.778495,-122.388386
37.777933,-122.38846
37.778398,-122.387751
37.779123,-122.388569
37.772492,-122.386917
37.780432,-122.387967
37.780609,-122.387794
37.780789,-122.388321
37.776439,-122.387774
37.775691,-122.387462
37.776498,-122.38815
37.77659,-122.388601
37.776617,-122.38769
37.776052,-122.387626
37.77635,-122.387423
37.775246,-122.387343
37.773608,-122.387222
37.773118,-122.387219
37.805658,-122.411862
37.803426,-122.416644
37.806039,-122.421991
37.805404,-122.42215
37.806704,-122.421693
37.806407,-122.422167
37.806158,-122.422384
37.806797,-122.422494
37.805583,-122.422197
37.806495,-122.421268
37.805773,-122.422289
37.806901,-122.421247
37.806526,-122.421743
37.806073,-122.420395
37.80656,-122.41945
37.806981,-122.41884
37.807283,-122.420222
37.806902,-122.420758
37.806616,-122.420167
37.805878,-122.419933
37.807141,-122.420527
37.806779,-122.420998
37.807268,-122.419187
37.80737,-122.418609
37.806569,-122.420678
37.807454,-122.420033
37.806932,-122.419743
37.806816,-122.419508
37.806725,-122.41926
37.806627,-122.41976
37.807507,-122.420886
37.807188,-122.415443
37.807317,-122.414201
37.807475,-122.417493
37.806926,-122.418068
37.805642,-122.417364
37.805974,-122.415691
37.805378,-122.416613
37.805025,-122.417882
37.804966,-122.4175
37.806399,-122.415817
37.804456,-122.416395
37.805496,-122.413789
37.805299,-122.413735
37.806728,-122.413499
37.805359,-122.415242
37.801965,-122.413086
37.802304,-122.412826
37.802205,-122.413152
37.80174,-122.414869
37.802206,-122.412121
37.80184,-122.412224
37.801328,-122.411431
37.800946,-122.411355
37.802743,-122.412068
37.801291,-122.412697
37.802501,-122.412028
37.801285,-122.411809
37.802769,-122.411421
37.802902,-122.411921
37.801554,-122.411659
37.800214,-122.411765
37.803834,-122.411525
37.804784,-122.411891
37.803702,-122.412619
37.804712,-122.411633
37.805,-122.411668
37.802778,-122.414184
37.803905,-122.413164
37.80343,-122.414971
37.802731,-122.41481
37.802762,-122.412922
37.803784,-122.415411
37.803593,-122.414005
37.804291,-122.413456
37.804284,-122.415302
37.802981,-122.414252
37.805601,-122.418754
37.755086,-122.391586
37.761887,-122.390702
37.762129,-122.391543
37.761524,-122.391875
37.75769,-122.390604
37.758696,-122.391174
37.757757,-122.390135
37.75853,-122.39013
37.761466,-122.390762
37.760265,-122.391574
37.760499,-122.39119
37.760469,-122.390621
37.761417,-122.391369
37.760557,-122.389667
37.761573,-122.389475
37.761359,-122.39006
37.76042,-122.388755
37.761638,-122.388866
37.75779,-122.389365
37.757978,-122.388914
37.759266,-122.389482
37.758426,-122.389414
37.757975,-122.389416
37.756262,-122.388878
37.756548,-122.388911
37.773,-122.45633
37.773223,-122.456763
37.773096,-122.457921
37.773036,-122.457447
37.774633,-122.456502
37.772327,-122.463485
37.773162,-122.461433
37.773014,-122.462593
37.772153,-122.462316
37.772014,-122.459392
37.774203,-122.458468
37.772445,-122.460198
37.772545,-122.460621
37.772484,-122.459297
37.773085,-122.458155
37.772285,-122.460084
37.772245,-122.459804
37.772236,-122.460866
37.771992,-122.460149
37.774237,-122.460393
37.775345,-122.458306
37.774413,-122.458636
37.773442,-122.463655
37.773263,-122.465969
37.77246,-122.465677
37.773378,-122.464817
37.772314,-122.465429
37.7733,-122.465687
37.772296,-122.466282
37.772126,-122.466757
37.772476,-122.46714
37.773062,-122.467364
37.772765,-122.467313
37.772005,-122.464824
37.772231,-122.465099
37.772665,-122.463923
37.771738,-122.454751
37.787553,-122.413715
37.787162,-122.413207
37.786777,-122.413551