51.513574,-0.090576
51.514729,-0.090018
51.513461,-0.090781
51.514234,-0.090842
51.513632,-0.090012
51.513329,-0.090123
51.514052,-0.092226
51.513654,-0.092415
51.514107,-0.093532
51.513842,-0.091902
51.513858,-0.093737
51.513214,-0.091828
51.513736,-0.091143
51.51408,-0.091377
51.514322,-0.091201
51.513227,-0.093635
51.513857,-0.092218
51.513678,-0.093554
51.514471,-0.091401
51.5137,-0.091586
51.514796,-0.091375
51.514264,-0.092366
51.514364,-0.09478
51.514907,-0.094405
51.513228,-0.09686
51.514078,-0.095932
51.514469,-0.093987
51.513428,-0.096038
51.514714,-0.096768
51.514135,-0.094037
51.514164,-0.096382
51.513794,-0.095501
51.513923,-0.094488
51.513795,-0.096278
51.514807,-0.096306
51.513462,-0.096445
51.51407,-0.097421
51.51473,-0.097612
51.514737,-0.099569
51.513465,-0.097929
51.513617,-0.097562
51.514119,-0.099414
51.5136,-0.097189
51.513237,-0.097172
51.51363,-0.099692
51.514631,-0.09904
51.513481,-0.096955
51.514215,-0.097717
51.513338,-0.097467
51.513619,-0.099586
51.514214,-0.098377
51.514016,-0.098233
51.514936,-0.097549
51.514447,-0.099774
51.513516,-0.098915
51.514546,-0.099304
51.513825,-0.100477
51.51396,-0.100069
51.513432,-0.10007
51.514957,-0.100815
51.513151,-0.10023
51.514649,-0.100871
51.514283,-0.100549
51.51385,-0.101231
51.517242,-0.095384
51.516598,-0.094073
51.516103,-0.095512
51.516345,-0.096299
51.516204,-0.095842
51.516973,-0.095646
51.516721,-0.094943
51.517596,-0.095747
51.516574,-0.096796
51.515514,-0.095322
51.517125,-0.096738
51.517485,-0.096613
51.516453,-0.094984
51.515983,-0.095251
51.516206,-0.094953
51.517568,-0.094887
51.517275,-0.094101
51.516576,-0.095557
51.515746,-0.096756
51.515792,-0.095437
51.515017,-0.095486
51.518482,-0.096858
51.519615,-0.094337
51.518019,-0.094179
51.518004,-0.096614
51.518788,-0.096585
51.517711,-0.09626
51.517807,-0.095336
51.518274,-0.092807
51.517673,-0.092218
51.518882,-0.092809
51.51797,-0.09253
51.520015,-0.092825
51.51813,-0.093123
51.51807,-0.091785
51.518698,-0.093867
51.519393,-0.091715
51.515355,-0.091148
51.515989,-0.09122
51.516571,-0.092437
51.516762,-0.092001
51.515297,-0.092807
51.515494,-0.092564
51.516397,-0.092136
51.51755,-0.093487
51.515087,-0.091144
51.515606,-0.092225
51.517305,-0.092587
51.515764,-0.091077
51.515543,-0.092962
51.516589,-0.093274
51.515233,-0.092162
51.516308,-0.093137
51.516287,-0.091162
51.516387,-0.091645
51.515888,-0.093735
51.517172,-0.092901
51.516975,-0.09307
51.515022,-0.0923
51.515439,-0.090108
51.516993,-0.090436
51.515706,-0.090237
51.519736,-0.090967
51.517804,-0.090687
51.515431,-0.100885
51.515751,-0.100682
51.516017,-0.101166
51.51591,-0.100537
51.517456,-0.100116
51.518558,-0.101148
51.519999,-0.100321
51.518741,-0.100585
51.517991,-0.100962
51.51828,-0.100454
51.517762,-0.101157
51.518969,-0.100435
51.519673,-0.100111
51.519945,-0.09988
51.51908,-0.100959
51.518487,-0.100131
51.519386,-0.098144
51.517741,-0.099016
51.518606,-0.097218
51.519033,-0.0985
51.518201,-0.099187
51.519041,-0.099815
51.518164,-0.097023
51.519158,-0.099119
51.518705,-0.099802
51.517641,-0.097239
51.519301,-0.098879
51.517101,-0.097472
51.517555,-0.097541
51.517464,-0.098124
51.515706,-0.098968
51.516133,-0.09879
51.516984,-0.09696
51.51564,-0.099366
51.515292,-0.098023
51.516639,-0.098459
51.516557,-0.097762
51.517015,-0.098099
51.515486,-0.098919
51.515028,-0.099599
51.515849,-0.0994
51.51677,-0.097033
51.516393,-0.097158
51.516782,-0.097866
51.516161,-0.097205
51.517049,-0.099805
51.516574,-0.097095
51.516808,-0.09739
51.516408,-0.098651
51.511201,-0.113795
51.511035,-0.113332
51.510727,-0.113504
51.511292,-0.112566
51.511437,-0.113028
51.511588,-0.113361
51.510838,-0.112674
51.511206,-0.11305
51.513049,-0.114359
51.512685,-0.112855
51.512758,-0.113697
51.51288,-0.113201
51.512346,-0.113192
51.512808,-0.114659
51.512846,-0.115143
51.512946,-0.11731
51.510833,-0.115277
51.512319,-0.116936
51.511513,-0.115772
51.510355,-0.11741
51.510581,-0.114687
51.511022,-0.114641
51.511258,-0.116179
51.512013,-0.115646
51.511067,-0.117139
51.510486,-0.115169
51.510585,-0.116689
51.512106,-0.11704
51.510633,-0.115891
51.511288,-0.117391
51.510723,-0.116961
51.512236,-0.115904
51.511624,-0.115383
51.511817,-0.116116
51.51206,-0.116367
51.507514,-0.114699
51.508332,-0.116496
51.507562,-0.11519
51.509151,-0.117261
51.507115,-0.11517
51.507072,-0.116134
51.507328,-0.115274
51.507088,-0.115785
51.507794,-0.113661
51.507543,-0.11332
51.507028,-0.113288
51.506818,-0.112521
51.506178,-0.113588
51.50662,-0.116505
51.506736,-0.116766
51.506446,-0.115561
51.506529,-0.114599
51.506974,-0.116412
51.507033,-0.114756
51.506888,-0.115711
51.506602,-0.116986
51.50643,-0.117081
51.506678,-0.115529
51.506318,-0.116496
51.506772,-0.11476
51.506844,-0.115029
51.506324,-0.116538
51.506225,-0.119647
51.506384,-0.117458
51.511079,-0.123489
51.511415,-0.123492
51.510448,-0.123611
51.511638,-0.123737
51.5097,-0.123439
51.512009,-0.123642
51.507873,-0.123497
51.508404,-0.123326
51.509346,-0.123608
51.508979,-0.123377
51.50636,-0.123628
51.506799,-0.123559
51.50699,-0.123639
51.506392,-0.121908
51.506418,-0.122251
51.506485,-0.1232
51.506769,-0.123033
51.506819,-0.121426
51.506307,-0.123103
51.507613,-0.122899
51.509598,-0.121314
51.508067,-0.122602
51.507902,-0.12223
51.507689,-0.121683
51.508412,-0.120431
51.509463,-0.122831
51.508496,-0.121614
51.508976,-0.121601
51.507269,-0.122712
51.507149,-0.121643
51.50774,-0.123286
51.508428,-0.121137
51.508658,-0.120808
51.509295,-0.122446
51.50899,-0.122908
51.508124,-0.12308
51.508248,-0.120779
51.509513,-0.123277
51.50741,-0.123277
51.509015,-0.121042
51.508707,-0.120884
51.509083,-0.120528
51.508209,-0.12122
51.509661,-0.122129
51.508746,-0.122057
51.507193,-0.122111
51.509536,-0.11951
51.509463,-0.11979
51.508596,-0.120238
51.509073,-0.120123
51.509436,-0.12033
51.509582,-0.118523
51.50936,-0.12007
51.512157,-0.119585
51.509891,-0.118872
51.511604,-0.119611
51.510065,-0.118004
51.511658,-0.11877
51.510013,-0.119721
51.510387,-0.119781
51.511328,-0.118821
51.511616,-0.117953
51.509916,-0.117459
51.511248,-0.119666
51.512125,-0.117949
51.510878,-0.120018
51.511401,-0.119502
51.51146,-0.117512
51.511658,-0.117498
51.510654,-0.119278
51.512048,-0.120302
51.510642,-0.118295
51.512309,-0.118365
51.51092,-0.119668
51.511733,-0.119212
51.509756,-0.119073
51.51223,-0.120102
51.510945,-0.117525
51.51244,-0.120284
51.512909,-0.118403
51.512325,-0.119008
51.512527,-0.118385
51.512369,-0.122607
51.512419,-0.121509
51.512676,-0.121437
51.512432,-0.121133
51.512637,-0.120395
51.513093,-0.123312
51.512353,-0.121961
51.512773,-0.120724
51.513042,-0.122072
51.510699,-0.121239
51.511444,-0.123144
51.511947,-0.122798
51.511217,-0.122435
51.509732,-0.120679
51.510022,-0.122831
51.510719,-0.120483
51.510005,-0.120793
51.511981,-0.121656
51.510785,-0.121776
51.511759,-0.121949
51.511549,-0.121742
51.510727,-0.123196
51.512215,-0.123178
51.510974,-0.122428
51.511623,-0.120843
51.51022,-0.121175
51.510206,-0.122393
51.510267,-0.12081
51.512217,-0.120911
51.510397,-0.122941
51.510147,-0.121884
51.51031,-0.122149
51.511464,-0.122573
51.51139,-0.120827
51.511838,-0.123045
51.510907,-0.122716
51.510673,-0.1229
51.525277,-0.100797
51.523351,-0.100978
51.52428,-0.100692
51.523409,-0.100373
51.524002,-0.100271
51.520377,-0.100573
51.520882,-0.100016
51.522358,-0.100034
51.521061,-0.100152
51.522745,-0.100924
51.520129,-0.100823
51.520124,-0.09693
51.520177,-0.097587
51.520224,-0.097246
51.521961,-0.096289
51.522156,-0.094709
51.520499,-0.094621
51.521962,-0.09433
51.521726,-0.096497
51.521274,-0.094668
51.521606,-0.095402
51.520571,-0.095376
51.52074,-0.096484
51.521807,-0.095128
51.522517,-0.099605
51.521675,-0.096979
51.520555,-0.098774
51.521633,-0.099044
51.522228,-0.097691
51.522823,-0.097835
51.521399,-0.097189
51.520651,-0.098169
51.520588,-0.09757
51.522731,-0.098712
51.521434,-0.099343
51.522504,-0.097021
51.521924,-0.098873
51.521094,-0.099758
51.5239,-0.093267
51.52306,-0.092841
51.523574,-0.093702
51.523213,-0.092054
51.524454,-0.093816
51.523425,-0.093467
51.523613,-0.09323
51.524119,-0.093477
51.52379,-0.093683
51.52531,-0.091506
51.523832,-0.092621
51.52297,-0.093152
51.523492,-0.092757
51.523801,-0.091496
51.524125,-0.093863
51.524621,-0.093939
51.525168,-0.090603
51.523579,-0.090717
51.523415,-0.090967
51.524269,-0.090195
51.52276,-0.090737
51.522459,-0.09064
51.52078,-0.090757
51.5228,-0.092828
51.520462,-0.092653
51.520867,-0.09268
51.522115,-0.092722
51.521052,-0.091685
51.520914,-0.092289
51.521696,-0.09269
51.5207,-0.093475
51.522636,-0.09307
51.522515,-0.092802
51.522701,-0.092583
51.522155,-0.093305
51.5209,-0.091899
51.521265,-0.092385
51.521242,-0.091125
51.521018,-0.091298
51.525315,-0.098485
51.524578,-0.097228
51.523458,-0.099066
51.522933,-0.097584
51.522882,-0.099783
51.522921,-0.095279
51.525169,-0.096828
51.523116,-0.094343
51.525467,-0.09613
51.524978,-0.094148
51.525178,-0.09432
51.524356,-0.095066
51.523144,-0.094792
51.524658,-0.094605
51.52375,-0.094378
51.524055,-0.09603
51.525551,-0.090652
51.51385,-0.069257
51.514056,-0.070374
51.514835,-0.068189
51.513399,-0.070033
51.514897,-0.068712
51.514494,-0.072218
51.513591,-0.071735
51.514651,-0.071524
51.513226,-0.070978
51.513681,-0.070693
51.51412,-0.070706
51.513897,-0.076219
51.514503,-0.074074
51.514307,-0.074204
51.514127,-0.074505
51.514077,-0.075454
51.513758,-0.074919
51.513548,-0.073821
51.513853,-0.074651
51.514025,-0.078114
51.514875,-0.078081
51.513464,-0.076559
51.513181,-0.077905
51.513949,-0.077385
51.513284,-0.076488
51.515504,-0.076952
51.516194,-0.077828
51.515278,-0.078593
51.51517,-0.076615
51.5162,-0.076404
51.516938,-0.078641
51.517439,-0.077441
51.517413,-0.07859
51.515913,-0.077552
51.517483,-0.078224
51.51629,-0.078582
51.51594,-0.078482
51.51707,-0.077329
51.516562,-0.077865
51.516175,-0.068232
51.515985,-0.070224
51.515694,-0.069937
51.516467,-0.068294
51.517272,-0.070396
51.517036,-0.070396
51.515892,-0.068672
51.516346,-0.068757
51.51522,-0.068644
51.516489,-0.070045
51.51602,-0.070149
51.516102,-0.06929
51.515808,-0.069338
51.519375,-0.077723
51.517908,-0.078729
51.51823,-0.077918
51.519108,-0.077092
51.518346,-0.076493
51.518222,-0.077121
51.519068,-0.077976
51.517694,-0.078185
51.518438,-0.074295
51.519322,-0.074366
51.517878,-0.074538
51.518552,-0.075946
51.518335,-0.07387
51.519576,-0.07416
51.519354,-0.074678
51.518172,-0.074614
51.518747,-0.074174
51.518947,-0.075469
51.517842,-0.07411
51.519115,-0.07411
51.518663,-0.074614
51.520106,-0.074645
51.516945,-0.073468
51.515152,-0.074027
51.515909,-0.075514
51.515862,-0.075796
51.515097,-0.074704
51.516866,-0.075344
51.515553,-0.074271
51.517205,-0.074008
51.516366,-0.074936
51.515857,-0.070616
51.517124,-0.072156
51.516346,-0.072596
51.51707,-0.071343
51.516729,-0.072544
51.515438,-0.070695
51.516487,-0.072335
51.51572,-0.070831
51.515598,-0.071306
51.515072,-0.071906
51.519817,-0.072624
51.518437,-0.071705
51.519246,-0.07129
51.518837,-0.071347
51.518476,-0.072711
51.51843,-0.072626
51.519331,-0.072305
51.519743,-0.073024
51.518893,-0.072038
51.519807,-0.071996
51.517709,-0.070873
51.5177,-0.072155
51.518866,-0.070681
51.518688,-0.071636
51.518136,-0.072992
51.518083,-0.071137
51.51862,-0.073303
51.519367,-0.071866
51.519055,-0.071762
51.519742,-0.073345
51.519004,-0.06939
51.518896,-0.070144
51.519161,-0.070301
51.519287,-0.06876
51.518755,-0.069052
51.519541,-0.068244
51.520067,-0.069182
51.512978,-0.07013
51.510799,-0.067928
51.512245,-0.068171
51.511697,-0.069573
51.512059,-0.068508
51.510489,-0.070151
51.510134,-0.069517
51.510632,-0.068386
51.509965,-0.068282
51.511984,-0.068985
51.511395,-0.068533
51.50718,-0.067665
51.507636,-0.069045
51.507973,-0.070405
51.508894,-0.06957
51.507107,-0.068578
51.507847,-0.068073
51.508959,-0.068408
51.506612,-0.070235
51.50645,-0.069887
51.506959,-0.070665
51.506652,-0.072223
51.506731,-0.072658
51.506909,-0.072797
51.506184,-0.072116
51.506265,-0.071583
51.506505,-0.070789
51.506737,-0.073284
51.506766,-0.07064
51.507085,-0.072564
51.506529,-0.071219
51.506852,-0.073991
51.506962,-0.075279
51.506783,-0.074669
51.506609,-0.074522
51.506186,-0.073737
51.506408,-0.074905
51.506957,-0.074509
51.506843,-0.074972
51.506424,-0.074438
51.509116,-0.075681
51.509167,-0.074181
51.509145,-0.07606
51.509464,-0.075821
51.507103,-0.075533
51.508061,-0.074136
51.507542,-0.075667
51.507932,-0.075496
51.507273,-0.07477
51.507659,-0.075089
51.508821,-0.073412
51.508882,-0.074114
51.508493,-0.075525
51.50738,-0.075485
51.507433,-0.075311
51.5081,-0.076099
51.509011,-0.074593
51.507581,-0.073857
51.509359,-0.076131
51.508871,-0.075843
51.508344,-0.076
51.508523,-0.076137
51.509633,-0.075204
51.508159,-0.074664
51.509259,-0.073218
51.509315,-0.07198
51.508224,-0.071048
51.507466,-0.071097
51.50783,-0.071397
51.508852,-0.072351
51.507134,-0.070845
51.507299,-0.071564
51.50955,-0.070678
51.510865,-0.072678
51.511334,-0.072065
51.511577,-0.070715
51.510366,-0.07313
51.511461,-0.072861
51.511461,-0.07129
51.510414,-0.071917
51.512466,-0.075477
51.510651,-0.075628
51.510881,-0.076222
51.511067,-0.07437
51.510842,-0.075026
51.511935,-0.075194
51.511693,-0.075784
51.510277,-0.074759
51.511469,-0.074556
51.509933,-0.075771
51.512194,-0.075566
51.510833,-0.073888
51.512102,-0.074693
51.512182,-0.076947
51.509822,-0.076621
51.509983,-0.078195
51.510689,-0.077088
51.511483,-0.077214
51.510841,-0.077856
51.510293,-0.076733
51.512081,-0.07643
51.51043,-0.076997
51.509861,-0.076297
51.510173,-0.077423
51.509951,-0.077457
51.512341,-0.078297
51.511461,-0.077765
51.51027,-0.077776
51.512542,-0.078681
51.512862,-0.076567
51.507692,-0.077094
51.507607,-0.076629
51.509698,-0.077084
51.507139,-0.076503
51.507974,-0.077577
51.508863,-0.077148
51.507372,-0.077561
51.508167,-0.07692
51.50953,-0.078707
51.50838,-0.078566
51.508069,-0.076585
51.507968,-0.078285
51.508112,-0.07725
51.509704,-0.077916
51.50783,-0.078589
51.509702,-0.077596
51.50768,-0.077774
51.507694,-0.078359
51.508588,-0.076869
51.508716,-0.078062
51.507484,-0.078188
51.50742,-0.076656
51.509173,-0.078516
51.508152,-0.078667
51.508355,-0.076454
51.5095,-0.077649
51.507537,-0.076295
51.507502,-0.077033
51.523496,-0.078746
51.524625,-0.077746
51.525315,-0.076687
51.52534,-0.078577
51.523551,-0.076895
51.523351,-0.078545
51.523677,-0.07749
51.524667,-0.076671
51.52375,-0.078197
51.52301,-0.078539
51.523729,-0.078746
51.523319,-0.077209
51.524432,-0.078429
51.524862,-0.077162
51.521107,-0.076904
51.521091,-0.078143
51.520278,-0.076728
51.520953,-0.077975
51.521608,-0.076664
51.521478,-0.078647
51.520354,-0.077429
51.522488,-0.078117
51.520174,-0.077593
51.520203,-0.078483
51.520149,-0.074273
51.52024,-0.073718
51.520204,-0.071704
51.520263,-0.072555
51.521139,-0.071903
51.522215,-0.071636
51.521997,-0.070702
51.522587,-0.071178
51.520708,-0.073141
51.522602,-0.070719
51.520406,-0.07338
51.52138,-0.072078
51.521909,-0.071036
51.520778,-0.071749
51.521198,-0.072762
51.520322,-0.071357
51.520927,-0.071959
51.521883,-0.071773
51.520959,-0.073033
51.521055,-0.072559
51.520353,-0.073069
51.52254,-0.071771
51.522321,-0.075434
51.52181,-0.073933
51.520861,-0.074049
51.52285,-0.075419
51.520879,-0.074484
51.520647,-0.073548
51.521493,-0.075534
51.520317,-0.075298
51.521002,-0.07355
51.520798,-0.074826
51.520408,-0.075997
51.52119,-0.073643
51.523806,-0.069894
51.523317,-0.069736
51.52305,-0.068446
51.522371,-0.068202
51.521221,-0.067872
51.521902,-0.069902
51.521812,-0.067834
51.522057,-0.068382
51.52014,-0.069948
51.523784,-0.075711
51.523502,-0.073763
51.524128,-0.073998
51.524834,-0.075774
51.523468,-0.075192
51.524625,-0.074363
51.523597,-0.074857
51.523864,-0.074436
51.524321,-0.075846
51.523146,-0.075722
51.524543,-0.074074
51.52411,-0.07438
51.524499,-0.075144
51.524381,-0.074216
51.524506,-0.073487
51.525335,-0.074669
51.523839,-0.075075
51.52354,-0.073305
51.523302,-0.071608
51.523999,-0.071913
51.523634,-0.07233
51.524791,-0.072465
51.523165,-0.070911
51.523485,-0.072907
51.523983,-0.071612
51.524787,-0.072864
51.523038,-0.071466
51.523573,-0.070874
51.524915,-0.071653
51.525291,-0.072732
51.524322,-0.071496
51.525614,-0.078
51.504639,-0.136781
51.50497,-0.137874
51.505647,-0.136869
51.505652,-0.136326
51.50591,-0.13731
51.505483,-0.137636
51.505088,-0.136939
51.505821,-0.135917
51.506111,-0.135647
51.505573,-0.138206
51.505151,-0.138412
51.504548,-0.139599
51.505777,-0.138765
51.504951,-0.138751
51.505505,-0.140007
51.505698,-0.139733
51.505839,-0.139425
51.505722,-0.140516
51.506008,-0.140742
51.503934,-0.139185
51.504379,-0.13741
51.504386,-0.14548
51.502864,-0.142779
51.503578,-0.143726
51.505947,-0.141631
51.505813,-0.144473
51.505826,-0.144934
51.505447,-0.144674
51.505112,-0.143878
51.504697,-0.144276
51.505335,-0.145932
51.494906,-0.124847
51.493946,-0.125369
51.496123,-0.124789
51.49545,-0.125088
51.495456,-0.12471
51.495441,-0.125459
51.495945,-0.125816
51.495209,-0.124979
51.494906,-0.125552
51.494743,-0.126475
51.495215,-0.12711
51.495982,-0.126707
51.494729,-0.128414
51.496227,-0.128311
51.494911,-0.127912
51.494107,-0.127996
51.494769,-0.128718
51.495186,-0.128844
51.49575,-0.12702
51.49539,-0.126903
51.496285,-0.127167
51.496063,-0.128442
51.494411,-0.128058
51.494352,-0.127712
51.495643,-0.127611
51.497175,-0.127701
51.49713,-0.126969
51.498418,-0.126321
51.499052,-0.129057
51.497985,-0.12869
51.498932,-0.126246
51.496649,-0.127059
51.497525,-0.127893
51.497968,-0.126189
51.496999,-0.128505
51.498652,-0.128233
51.498984,-0.128533
51.497543,-0.128604
51.496836,-0.128636
51.49788,-0.127827
51.498019,-0.129006
51.497738,-0.128559
51.496635,-0.128577
51.497323,-0.128552
51.4983,-0.127352
51.498812,-0.127809
51.497939,-0.125483
51.497406,-0.124947
51.498387,-0.125571
51.497412,-0.125878
51.498649,-0.125729
51.498912,-0.125828
51.497538,-0.124745
51.496965,-0.125446
51.497016,-0.125929
51.49724,-0.124365
51.497816,-0.124696
51.497468,-0.124441
51.497672,-0.129461
51.496778,-0.130377
51.497515,-0.130471
51.498908,-0.13061
51.497918,-0.129877
51.497382,-0.129636
51.498332,-0.130068
51.496404,-0.130269
51.495669,-0.129503
51.496195,-0.129924
51.496443,-0.129254
51.49623,-0.129468
51.493781,-0.124996
51.493845,-0.130206
51.493827,-0.12822
51.493817,-0.128935
51.523612,-0.123364
51.521663,-0.123656
51.520819,-0.123466
51.520189,-0.121401
51.520122,-0.118351
51.522125,-0.118723
51.521702,-0.118514
51.521598,-0.119296
51.521054,-0.117508
51.522444,-0.118651
51.522199,-0.119068
51.521453,-0.120259
51.521915,-0.117872
51.520825,-0.122139
51.520247,-0.120796
51.52189,-0.123035
51.520761,-0.123102
51.521713,-0.122289
51.521423,-0.122159
51.521119,-0.122507
51.520462,-0.121548
51.522683,-0.122965
51.522094,-0.122764
51.521712,-0.120489
51.521511,-0.122729
51.521023,-0.121669
51.5219,-0.122491
51.521227,-0.121962
51.521869,-0.122103
51.521316,-0.121583
51.521488,-0.121672
51.520718,-0.121871
51.524121,-0.117219
51.523632,-0.116729
51.524698,-0.115095
51.524423,-0.117416
51.524545,-0.116333
51.523902,-0.11699
51.524746,-0.116242
51.524031,-0.115751
51.52307,-0.116033
51.525033,-0.116291
51.523467,-0.117472
51.524851,-0.116752
51.523311,-0.116465
51.524094,-0.112966
51.524622,-0.11384
51.524468,-0.113371
51.522849,-0.114528
51.52491,-0.113956
51.522389,-0.114118
51.521229,-0.114456
51.520935,-0.112939
51.52237,-0.112887
51.520316,-0.113008
51.522245,-0.113734
51.52133,-0.113445
51.521567,-0.113495
51.520219,-0.117455
51.520778,-0.116679
51.522174,-0.11531
51.522778,-0.116558
51.521066,-0.115427
51.52212,-0.117323
51.520836,-0.11639
51.520801,-0.115784
51.521541,-0.116446
51.522434,-0.115453
51.520666,-0.116993
51.521745,-0.117202
51.521923,-0.117293
51.521833,-0.115036
51.521271,-0.115722
51.521887,-0.116426
51.523049,-0.121456
51.523481,-0.120828
51.524801,-0.122501
51.525138,-0.121335
51.523703,-0.121057
51.523629,-0.122396
51.524181,-0.121051
51.525168,-0.121901
51.525052,-0.122323
51.523805,-0.121017
51.524238,-0.122292
51.524881,-0.121811
51.524314,-0.119923
51.523104,-0.119108
51.525252,-0.117721
51.523509,-0.119429
51.523008,-0.118741
51.523731,-0.11952
51.524385,-0.119477
51.524045,-0.11775
51.523481,-0.12022
51.523905,-0.119393
51.524536,-0.117948
51.522862,-0.118967
51.523307,-0.120112
51.51145,-0.12392
51.511038,-0.126238
51.510874,-0.124319
51.51124,-0.125448
51.511645,-0.12567
51.511567,-0.124726
51.510225,-0.123947
51.512069,-0.125167
51.512111,-0.124422
51.509817,-0.125619
51.511395,-0.125148
51.511854,-0.125766
51.512794,-0.123843
51.512614,-0.124018
51.512779,-0.12495
51.513104,-0.125289
51.51246,-0.125611
51.512918,-0.124566
51.51286,-0.125887
51.512532,-0.127559
51.512789,-0.12915
51.512769,-0.127909
51.513018,-0.12818
51.512665,-0.127677
51.512848,-0.127103
51.509985,-0.126286
51.51029,-0.128116
51.511804,-0.127393
51.510708,-0.127451
51.510813,-0.126956
51.509921,-0.12795
51.511332,-0.127218
51.511064,-0.127822
51.510964,-0.12824
51.511349,-0.129181
51.511648,-0.128306
51.509761,-0.126859
51.511052,-0.126701
51.511291,-0.128242
51.510174,-0.12703
51.510484,-0.126536
51.510776,-0.128557
51.511067,-0.127162
51.511642,-0.126288
51.509208,-0.126904
51.508135,-0.127531
51.509417,-0.127603
51.508517,-0.128294
51.507971,-0.128559
51.508021,-0.128268
51.508315,-0.127928
51.508471,-0.128904
51.50873,-0.126992
51.509502,-0.127006
51.509632,-0.128287
51.507676,-0.129094
51.508717,-0.127591
51.507209,-0.128995
51.507931,-0.127418
51.507335,-0.127689
51.509482,-0.12664
51.50879,-0.126298
51.507777,-0.127939
51.508196,-0.128727
51.50839,-0.127593
51.50758,-0.128348
51.508135,-0.127003
51.509026,-0.126527
51.507428,-0.129075
51.509439,-0.127251
51.50761,-0.127792
51.507698,-0.126691
51.507095,-0.128337
51.50837,-0.125276
51.507243,-0.12528
51.507163,-0.12566
51.509479,-0.123948
51.508659,-0.125957
51.508526,-0.124552
51.507681,-0.125599
51.508759,-0.124775
51.509011,-0.126234
51.507361,-0.124647
51.509643,-0.125972
51.509558,-0.124564
51.507574,-0.12467
51.508174,-0.124922
51.508661,-0.123824
51.507551,-0.124986
51.50817,-0.123843
51.509389,-0.126006
51.506776,-0.124433
51.506193,-0.124147
51.506903,-0.124927
51.506149,-0.124447
51.506472,-0.125652
51.506474,-0.127114
51.506729,-0.126877
51.506988,-0.127934
51.506792,-0.127545
51.506766,-0.128401
51.50626,-0.12728
51.506408,-0.128731
51.506567,-0.127492
51.506571,-0.128405
51.506271,-0.126233
51.506833,-0.129451
51.506333,-0.129354
51.506295,-0.131744
51.506549,-0.131627
51.506363,-0.12986
51.506997,-0.132053
51.506572,-0.129443
51.506712,-0.131835
51.507015,-0.131761
51.506795,-0.132536
51.506636,-0.132377
51.506775,-0.134923
51.506793,-0.133209
51.506873,-0.132802
51.506951,-0.133373
51.506401,-0.134223
51.506252,-0.134873
51.50638,-0.132145
51.506682,-0.133609
51.507009,-0.134437
51.50772,-0.13352
51.508246,-0.133686
51.508512,-0.133921
51.50733,-0.132721
51.507973,-0.134899
51.508399,-0.132253
51.507343,-0.134728
51.507753,-0.13281
51.507326,-0.134366
51.507059,-0.134849
51.508072,-0.133522
51.507588,-0.133218
51.509391,-0.134213
51.50926,-0.134554
51.509097,-0.134935
51.508866,-0.12973
51.508215,-0.131683
51.5089,-0.131001
51.50718,-0.131965
51.509581,-0.131755
51.507787,-0.130539
51.507574,-0.130694
51.507565,-0.130404
51.5074,-0.13209
51.508648,-0.130629
51.509118,-0.13055
51.507305,-0.130036
51.507585,-0.131026
51.509566,-0.129908
51.50881,-0.131924
51.507536,-0.131813
51.50848,-0.131541
51.5075,-0.129413
51.509008,-0.132058
51.509518,-0.129569
51.507073,-0.130083
51.508364,-0.129578
51.507933,-0.131418
51.511752,-0.129507
51.509866,-0.129329
51.511598,-0.130056
51.512116,-0.1302
51.510456,-0.130972
51.51107,-0.130173
51.512073,-0.131351
51.510805,-0.131838
51.510478,-0.131947
51.511101,-0.129538
51.511498,-0.131933
51.509787,-0.131912
51.510407,-0.13134
51.511134,-0.131353
51.51056,-0.130593
51.510224,-0.129429
51.510448,-0.131334
51.51108,-0.131829
51.511708,-0.131088
51.51141,-0.129934
51.51162,-0.131516
51.510535,-0.129438
51.511282,-0.130201
51.510465,-0.130055
51.509828,-0.131175
51.51186,-0.130752
51.510126,-0.130588
51.510274,-0.130226
51.512849,-0.130885
51.51246,-0.130364
51.512617,-0.13053
51.512578,-0.131621
51.512734,-0.131834
51.512434,-0.131932
51.512816,-0.134206
51.512537,-0.132889
51.512839,-0.132283
51.512312,-0.132333
51.512916,-0.133731
51.512521,-0.133189
51.511388,-0.133313
51.511081,-0.133457
51.510135,-0.132291
51.509815,-0.13424
51.511899,-0.134962
51.51015,-0.13417
51.510234,-0.13389
51.511125,-0.134196
51.509894,-0.134684
51.511808,-0.132566
51.511677,-0.132307
51.511102,-0.132721
51.510327,-0.132971
51.510858,-0.133657
51.511607,-0.134541
51.510359,-0.132339
51.510627,-0.133877
51.510223,-0.134531
51.510684,-0.132406
51.512194,-0.132884
51.510173,-0.134995
51.510709,-0.134139
51.509964,-0.133488
51.511632,-0.133113
51.511029,-0.134812
51.511538,-0.134018
51.512102,-0.133661
51.511322,-0.134415
51.512065,-0.134404
51.51172,-0.133638
51.511446,-0.132281
51.51155,-0.135307
51.51205,-0.137181
51.511758,-0.136968
51.511492,-0.135718
51.512226,-0.135248
51.510726,-0.135512
51.511846,-0.13581
51.510432,-0.136507
51.511831,-0.137543
51.511516,-0.137464
51.510532,-0.137153
51.509979,-0.136298
51.510104,-0.13739
51.511643,-0.137211
51.511183,-0.136289
51.511321,-0.137505
51.512302,-0.137859
51.512442,-0.13637
51.513009,-0.135641
51.512667,-0.136702
51.512414,-0.137537
51.512563,-0.137319
51.512453,-0.138305
51.512353,-0.140715
51.512663,-0.140146
51.512783,-0.139466
51.512764,-0.138184
51.512628,-0.138809
51.510406,-0.138495
51.511062,-0.139665
51.509769,-0.140629
51.512023,-0.139517
51.511563,-0.140235
51.511557,-0.139493
51.509981,-0.139871
51.510283,-0.139008
51.51011,-0.140278
51.510121,-0.139449
51.510992,-0.13859
51.511854,-0.13804
51.511237,-0.140607
51.509836,-0.140313
51.511185,-0.138099
51.510906,-0.138931
51.511456,-0.139048
51.509188,-0.145217
51.508354,-0.145983
51.509626,-0.1458
51.509481,-0.146159
51.507656,-0.1453
51.509549,-0.145182
51.507107,-0.145353
51.509294,-0.145431
51.508906,-0.14582
51.508317,-0.145112
51.509134,-0.144257
51.508058,-0.144777
51.509445,-0.141501
51.507254,-0.143395
51.508379,-0.141414
51.507553,-0.141506
51.508269,-0.143567
51.508637,-0.141393
51.509169,-0.141946
51.509192,-0.141257
51.509347,-0.143285
51.509641,-0.14143
51.508387,-0.142257
51.508849,-0.141312
51.508956,-0.141808
51.511402,-0.141742
51.51084,-0.143098
51.511799,-0.1412
51.509792,-0.14267
51.51143,-0.142671
51.5121,-0.143117
51.51001,-0.142168
51.510479,-0.143794
51.511319,-0.143617
51.510055,-0.143112
51.511985,-0.142748
51.510385,-0.142602
51.510803,-0.143816
51.512414,-0.143827
51.513063,-0.143513
51.512787,-0.142613
51.512464,-0.143075
51.513008,-0.14099
51.512759,-0.14136
51.512405,-0.141863
51.512481,-0.142238
51.51302,-0.145986
51.512432,-0.14598
51.511002,-0.144975
51.509775,-0.146044
51.510573,-0.14613
51.511171,-0.145792
51.510544,-0.144909
51.511297,-0.145148
51.510027,-0.145777
51.510216,-0.145113
51.509639,-0.140905
51.509021,-0.139348
51.508619,-0.139153
51.509232,-0.140001
51.508693,-0.139641
51.508527,-0.139431
51.50761,-0.14062
51.507915,-0.138425
51.508389,-0.140433
51.509611,-0.138521
51.507695,-0.140343
51.508916,-0.138921
51.507166,-0.140801
51.508638,-0.138067
51.508291,-0.139561
51.508602,-0.13881
51.508161,-0.139274
51.507793,-0.140809
51.509015,-0.139736
51.507761,-0.138859
51.508369,-0.138445
51.508793,-0.139278
51.508575,-0.13846
51.508751,-0.136672
51.507619,-0.137988
51.507256,-0.135833
51.508735,-0.13766
51.508598,-0.136929
51.508986,-0.137657
51.507138,-0.135248
51.508,-0.136175
51.508981,-0.135221
51.508643,-0.137254
51.509293,-0.136415
51.508247,-0.136019
51.507769,-0.135097
51.507258,-0.13655
51.507989,-0.137893
51.50779,-0.135931
51.509311,-0.135582
51.507049,-0.135548
51.508382,-0.137033
51.509472,-0.135755
51.508092,-0.13741
51.508987,-0.137295
51.507577,-0.13607
51.508347,-0.136443
51.5092,-0.13594
51.508652,-0.135081
51.507467,-0.135073
51.508094,-0.136597
51.507442,-0.135845
51.50753,-0.13749
51.507476,-0.13652
51.506335,-0.137519
51.506856,-0.135776
51.506845,-0.136579
51.50642,-0.136981
51.506726,-0.135202
51.506651,-0.135495
51.506274,-0.140697
51.506932,-0.139097
51.506861,-0.139081
51.506153,-0.13914
51.506163,-0.1403
51.506788,-0.139374
51.506902,-0.140563
51.506418,-0.140436
51.506573,-0.142964
51.506781,-0.142293
51.506958,-0.142158
51.507019,-0.140976
51.506274,-0.142256
51.50675,-0.143197
51.506268,-0.146213
51.506806,-0.145902
51.506444,-0.144336
51.513977,-0.102068
51.513143,-0.101361
51.514505,-0.102561
51.514312,-0.101462
51.513777,-0.102674
51.513932,-0.101715
51.513417,-0.102794
51.513498,-0.104078
51.513227,-0.104686
51.514046,-0.104901
51.513326,-0.103754
51.513551,-0.105175
51.514461,-0.104737
51.514269,-0.103694
51.514084,-0.103507
51.514101,-0.105187
51.513898,-0.104523
51.514053,-0.104071
51.513543,-0.103334
51.514272,-0.104645
51.513497,-0.106334
51.51343,-0.1058
51.514601,-0.107217
51.514127,-0.106563
51.51434,-0.107708
51.514443,-0.10855
51.514103,-0.105973
51.514677,-0.107885
51.51444,-0.106543
51.513265,-0.107582
51.513837,-0.106298
51.513846,-0.105728
51.513707,-0.107259
51.514438,-0.105913
51.514283,-0.107988
51.514142,-0.107431
51.513951,-0.106177
51.513286,-0.106204
51.514762,-0.108534
51.513315,-0.108041
51.513821,-0.107861
51.514227,-0.106832
51.513895,-0.108947
51.513124,-0.10993
51.513183,-0.110443
51.513192,-0.109126
51.51418,-0.111145
51.514337,-0.109992
51.513192,-0.111089
51.514087,-0.109817
51.513874,-0.11116
51.514946,-0.109286
51.514601,-0.108952
51.513608,-0.111533
51.513785,-0.110646
51.514905,-0.11147
51.513961,-0.109236
51.513948,-0.109581
51.514069,-0.110167
51.513586,-0.110172
51.51374,-0.112031
51.513928,-0.111757
51.517367,-0.111766
51.516217,-0.112196
51.517502,-0.111654
51.515223,-0.112307
51.515244,-0.111877
51.515603,-0.111617
51.518928,-0.104414
51.518357,-0.10556
51.518691,-0.104495
51.519081,-0.104039
51.518865,-0.102855
51.518452,-0.10508
51.517682,-0.104611
51.519311,-0.103279
51.518052,-0.104491
51.516511,-0.103254
51.51518,-0.104409
51.516037,-0.103234
51.515411,-0.10488
51.517301,-0.105029
51.51744,-0.10547
51.516287,-0.10361
51.516092,-0.105017
51.517008,-0.102942
51.515535,-0.103308
51.517354,-0.103009
51.51707,-0.104927
51.517191,-0.105289
51.516608,-0.102656
51.516426,-0.101767
51.516456,-0.102204
51.516628,-0.101631
51.515118,-0.101488
51.515687,-0.101988
51.516798,-0.101734
51.515252,-0.102162
51.515867,-0.101916
51.515558,-0.101759
51.517248,-0.101574
51.516025,-0.10241
51.519701,-0.101572
51.51976,-0.102756
51.518525,-0.102004
51.51995,-0.101708
51.519373,-0.101293
51.518117,-0.101347
51.519948,-0.102033
51.519062,-0.102067
51.518644,-0.102376
51.519431,-0.112142
51.519062,-0.112375
51.518113,-0.111606
51.519121,-0.111633
51.51853,-0.111526
51.518704,-0.109636
51.517772,-0.109784
51.518763,-0.109494
51.519797,-0.111098
51.518195,-0.109103
51.519586,-0.110242
51.517954,-0.110428
51.517589,-0.111181
51.519469,-0.11146
51.518881,-0.109764
51.518021,-0.110878
51.519925,-0.110336
51.518443,-0.109972
51.517743,-0.109093
51.518022,-0.111232
51.519134,-0.108926
51.518445,-0.109496
51.517865,-0.111069
51.518248,-0.111259
51.518132,-0.109853
51.519607,-0.110651
51.515852,-0.109246
51.516757,-0.111052
51.517461,-0.110431
51.515324,-0.111091
51.515378,-0.108797
51.515587,-0.109178
51.515033,-0.110206
51.517212,-0.109748
51.515705,-0.108062
51.515042,-0.107621
51.515503,-0.106186
51.515345,-0.107513
51.517045,-0.106822
51.517538,-0.106692
51.515518,-0.106507
51.515096,-0.108268
51.516693,-0.107031
51.515142,-0.107374
51.516209,-0.107163
51.516597,-0.108631
51.516407,-0.108217
51.516532,-0.106319
51.517978,-0.108348
51.518223,-0.107117
51.519123,-0.107856
51.517742,-0.106782
51.5194,-0.108323
51.517708,-0.10782
51.518699,-0.107295
51.517605,-0.106139
51.518321,-0.107677
51.519764,-0.105929
51.520025,-0.108466
51.518006,-0.107617
51.519247,-0.106782
51.519782,-0.106423
51.500219,-0.101702
51.501055,-0.10159
51.500915,-0.103604
51.501292,-0.104368
51.500998,-0.104476
51.50317,-0.102923
51.504433,-0.102806
51.502981,-0.103018
51.501878,-0.104408
51.503867,-0.105565
51.503988,-0.104307
51.503573,-0.104339
51.502446,-0.104406
51.50362,-0.104775
51.503915,-0.104734
51.503021,-0.103729
51.503584,-0.102734
51.501947,-0.10181
51.503274,-0.102522
51.503181,-0.101548
51.503524,-0.101876
51.503955,-0.102377
51.503717,-0.101894
51.503875,-0.101275
51.502849,-0.101607
51.502043,-0.10257
51.501934,-0.10219
51.503531,-0.101519
51.502493,-0.101383
51.504377,-0.10146
51.505957,-0.101465
51.505886,-0.10249
51.504872,-0.101653
51.504608,-0.101579
51.506062,-0.101804
51.502447,-0.112217
51.504324,-0.112081
51.503446,-0.111719
51.502109,-0.110916
51.503578,-0.110593
51.504318,-0.110727
51.504081,-0.108829
51.503627,-0.111301
51.502586,-0.110543
51.503448,-0.109917
51.503059,-0.109923
51.502328,-0.109183
51.502034,-0.109062
51.50223,-0.109599
51.502048,-0.110515
51.502598,-0.111293
51.50262,-0.109792
51.502356,-0.106744
51.503544,-0.10612
51.503108,-0.107472
51.501936,-0.107412
51.501867,-0.107982
51.502886,-0.10814
51.503438,-0.10652
51.50324,-0.106809
51.502778,-0.107115
51.501616,-0.107934
51.501292,-0.107317
51.500974,-0.108795
51.501565,-0.110243
51.50152,-0.110655
51.501164,-0.109253
51.501792,-0.10976
51.501196,-0.110214
51.501436,-0.108881
51.505044,-0.103045
51.505496,-0.102966
51.504649,-0.104721
51.505319,-0.104295
51.50485,-0.103042
51.505829,-0.105387
51.505627,-0.105694
51.506071,-0.105738
51.505417,-0.106277
51.505691,-0.106851
51.504909,-0.107321
51.504806,-0.110668
51.505073,-0.110085
51.504524,-0.109148
51.504481,-0.111413
51.505962,-0.109842
51.505524,-0.112363
51.504754,-0.111958
51.504898,-0.111789
51.505251,-0.112444
51.505514,-0.112016
51.505757,-0.111915
51.504459,-0.112277
51.504664,-0.112227
51.501145,-0.111964
51.512012,-0.101913
51.510885,-0.102152
51.51082,-0.101334
51.512808,-0.102131
51.512671,-0.101392
51.513035,-0.102256
51.512814,-0.103283
51.512889,-0.104369
51.512546,-0.104853
51.512374,-0.104155
51.51269,-0.104093
51.512547,-0.103294
51.512818,-0.105657
51.511313,-0.104187
51.510811,-0.105331
51.511241,-0.102883
51.511568,-0.104707
51.511039,-0.104444
51.511567,-0.103118
51.511267,-0.105472
51.511907,-0.104432
51.512142,-0.103381
51.512024,-0.103771
51.508334,-0.10419
51.508523,-0.104429
51.507839,-0.105228
51.508487,-0.103726
51.508583,-0.105539
51.508601,-0.103171
51.508424,-0.104702
51.507087,-0.105012
51.509118,-0.104666
51.507677,-0.104951
51.507884,-0.102235
51.508416,-0.102548
51.508161,-0.101314
51.508419,-0.101548
51.508092,-0.102139
51.506616,-0.101402
51.506851,-0.102578
51.506597,-0.102294
51.507036,-0.103891
51.50626,-0.104672
51.506812,-0.104258
51.50674,-0.103799
51.50649,-0.103135
51.507047,-0.106202
51.50701,-0.108166
51.506898,-0.107721
51.506202,-0.108276
51.510904,-0.111857
51.510846,-0.1122
51.511125,-0.111656
51.51145,-0.112293
51.512197,-0.112404
51.512489,-0.111853
51.508266,-0.112028
51.507681,-0.112023
51.507442,-0.11162
51.50728,-0.111804
51.508144,-0.112427
51.506627,-0.111926
51.506127,-0.110582
51.506776,-0.108892
51.506299,-0.109552
51.507242,-0.110293
51.508218,-0.109735
51.508086,-0.110343
51.50824,-0.109291
51.508213,-0.11088
51.50745,-0.109384
51.508014,-0.108801
51.507889,-0.108061
51.508491,-0.107746
51.508088,-0.106957
51.508221,-0.108587
51.507871,-0.107485
51.507181,-0.10753
51.508112,-0.108086
51.5083,-0.108292
51.512239,-0.106377
51.511147,-0.107459
51.511176,-0.106512
51.511643,-0.108108
51.511344,-0.106837
51.511833,-0.106966
51.511173,-0.105927
51.510719,-0.108511
51.511365,-0.106223
51.512124,-0.106818
51.510715,-0.106582
51.511142,-0.108212
51.512596,-0.106778
51.512846,-0.106897
51.512936,-0.107944
51.512445,-0.107657
51.513048,-0.109585
51.512756,-0.111408
51.51265,-0.110734
51.513038,-0.110205
51.512421,-0.110212
51.512968,-0.110726
51.512271,-0.10956
51.512274,-0.111397
51.511883,-0.110818
51.511403,-0.110725
51.510887,-0.110328
51.511107,-0.110701
51.510884,-0.108841
51.511696,-0.110515
51.510906,-0.110662
51.510866,-0.111533
51.505395,-0.113449
51.504455,-0.113968
51.506094,-0.11422
51.50489,-0.113664
51.505796,-0.113701
51.505191,-0.113186
51.504653,-0.112861
51.504835,-0.112725
51.506015,-0.116293
51.505509,-0.116175
51.505756,-0.115909
51.504835,-0.11516
51.504873,-0.11629
51.505419,-0.117058
51.505297,-0.116462
51.505182,-0.115564
51.505628,-0.114627
51.505958,-0.117027
51.504499,-0.116577
51.505979,-0.115696
51.503226,-0.11675
51.501881,-0.11705
51.504392,-0.116852
51.50421,-0.115082
51.503912,-0.115284
51.502932,-0.116898
51.5028,-0.114722
51.501451,-0.11732
51.501092,-0.115568
51.500222,-0.117137
51.501792,-0.115351
51.500846,-0.117249
51.501128,-0.117209
51.501697,-0.116818
51.499729,-0.116695
51.501207,-0.112579
51.500786,-0.11297
51.499975,-0.114377
51.500026,-0.113955
51.499447,-0.11434
51.500348,-0.113859
51.499533,-0.113997
51.500901,-0.113479
51.500806,-0.113843
51.501049,-0.114284
51.499243,-0.113537
51.503291,-0.11254
51.502986,-0.112678
51.503739,-0.112964
51.503924,-0.113859
51.504279,-0.113599
51.504186,-0.114158
51.503012,-0.114016
51.503084,-0.112925
51.504058,-0.113408
51.50333,-0.11351
51.5037,-0.113938
51.50399,-0.123092
51.500951,-0.121515
51.500935,-0.122059
51.500991,-0.122641
51.501779,-0.11825
51.501653,-0.118902
51.500342,-0.118879
51.501706,-0.119737
51.499483,-0.119037
51.50086,-0.117828
51.499936,-0.117616
51.501511,-0.119112
51.500888,-0.118793
51.500261,-0.118204
51.501468,-0.118779
51.50121,-0.119791
51.499776,-0.118805
51.499998,-0.1201
51.500671,-0.119884
51.50121,-0.118199
51.500949,-0.119829
51.500381,-0.119517
51.504188,-0.119231
51.502794,-0.117854
51.502942,-0.119433
51.502317,-0.11947
51.50257,-0.119793
51.503602,-0.118213
51.502278,-0.119648
51.50333,-0.119407
51.503697,-0.11934
51.504014,-0.11821
51.503671,-0.11764
51.502598,-0.119452
51.502054,-0.119852
51.503398,-0.118669
51.504414,-0.119061
51.502946,-0.118319
51.50366,-0.118794
51.505359,-0.118315
51.504766,-0.118131
51.504652,-0.118766
51.505191,-0.118059
51.505938,-0.117641
51.505043,-0.118704
51.505977,-0.120639
51.505293,-0.123233
51.50579,-0.122602
51.50448,-0.123481
51.505053,-0.1236
51.505549,-0.123672
51.505685,-0.123394
51.50096,-0.123324
51.502862,-0.123489
51.502335,-0.123508
51.501896,-0.123617
51.504205,-0.123638
51.502983,-0.123548
51.510421,-0.079144
51.511665,-0.078937
51.511153,-0.078831
51.510161,-0.078818
51.512251,-0.079235
51.512665,-0.079367
51.512617,-0.081099
51.512845,-0.081274
51.512953,-0.081834
51.512739,-0.081929
51.512597,-0.081536
51.510991,-0.07961
51.511796,-0.079589
51.510732,-0.082022
51.511447,-0.079308
51.510701,-0.079317
51.510708,-0.081339
51.511332,-0.081444
51.51219,-0.08153
51.510027,-0.079498
51.509876,-0.08072
51.511789,-0.080987
51.511513,-0.080271
51.511348,-0.080903
51.51218,-0.080761
51.510948,-0.079987
51.511529,-0.082147
51.509529,-0.079369
51.509608,-0.080749
51.508425,-0.081308
51.509417,-0.079882
51.508945,-0.080081
51.508362,-0.07933
51.508439,-0.078945
51.507839,-0.079085
51.50934,-0.078871
51.50736,-0.07898
51.506375,-0.080443
51.506505,-0.081424
51.506674,-0.081855
51.506541,-0.085019
51.506149,-0.083198
51.506439,-0.084652
51.506302,-0.0836
51.506371,-0.084183
51.506142,-0.082834
51.511793,-0.089531
51.511563,-0.088354
51.511486,-0.08945
51.512318,-0.088995
51.511036,-0.088731
51.51112,-0.088081
51.512217,-0.088755
51.511755,-0.088121
51.510942,-0.089514
51.510732,-0.088839
51.511637,-0.089872
51.509876,-0.08879
51.512491,-0.088058
51.512875,-0.089785
51.513105,-0.088573
51.512597,-0.089503
51.512671,-0.089061
51.51275,-0.089943
51.512824,-0.088226
51.512424,-0.089716
51.508976,-0.089711
51.50969,-0.088547
51.506544,-0.089418
51.506892,-0.089232
51.506378,-0.088618
51.50657,-0.0887
51.506478,-0.08904
51.506192,-0.088639
51.506292,-0.086687
51.50673,-0.087926
51.506204,-0.08639
51.506803,-0.087914
51.506364,-0.086058
51.50621,-0.087964
51.506666,-0.087106
51.509287,-0.087431
51.508934,-0.086381
51.50809,-0.087834
51.509204,-0.086451
51.509648,-0.085475
51.509024,-0.085245
51.509453,-0.086271
51.509251,-0.086964
51.508868,-0.087022
51.508787,-0.085326
51.50913,-0.087929
51.50861,-0.085412
51.509498,-0.083796
51.509524,-0.082368
51.508615,-0.084394
51.508934,-0.082336
51.50956,-0.08423
51.509183,-0.084171
51.508606,-0.085072
51.510604,-0.084532
51.512223,-0.082929
51.510324,-0.084011
51.509728,-0.082185
51.511976,-0.082928
51.51056,-0.083865
51.510903,-0.083103
51.512229,-0.083707
51.511738,-0.083815
51.511032,-0.084837
51.509982,-0.083526
51.509827,-0.08266
51.511473,-0.083758
51.511822,-0.084707
51.51084,-0.084132
51.510234,-0.084387
51.512242,-0.084634
51.512536,-0.08483
51.512831,-0.084807
51.513068,-0.084724
51.51255,-0.083739
51.512858,-0.08362
51.512704,-0.084413
51.512947,-0.084198
51.512731,-0.087528
51.512367,-0.08665
51.51282,-0.087915
51.513023,-0.085212
51.512628,-0.087209
51.512932,-0.086657
51.513023,-0.087244
51.512861,-0.085657
51.512445,-0.087057
51.512616,-0.085562
51.512078,-0.087171
51.511894,-0.085324
51.509968,-0.085299
51.511561,-0.085134
51.510104,-0.085876
51.512044,-0.086078
51.511244,-0.087018
51.510113,-0.086242
51.511081,-0.086043
51.510793,-0.085597
51.510107,-0.085548
51.511033,-0.085558
51.512129,-0.087977
51.510676,-0.085668
51.512307,-0.086376
51.510777,-0.085994
51.510548,-0.085414
51.511426,-0.086862
51.511969,-0.087557
51.51072,-0.087655
51.510924,-0.085796
51.510993,-0.086584
51.510185,-0.086533
51.51326,-0.136998
51.513665,-0.136441
51.514907,-0.137346
51.513863,-0.135107
51.513289,-0.136696
51.514929,-0.135229
51.513262,-0.13775
51.5148,-0.137032
51.514117,-0.135493
51.514316,-0.136303
51.514737,-0.135581
51.51342,-0.135126
51.514704,-0.140773
51.514259,-0.140553
51.513291,-0.140104
51.514244,-0.139811
51.513328,-0.138063
51.513419,-0.138592
51.514356,-0.139166
51.514522,-0.140594
51.513505,-0.140372
51.513696,-0.140691
51.51365,-0.139464
51.513578,-0.138072
51.513927,-0.140224
51.513859,-0.138916
51.513389,-0.140707
51.514601,-0.141599
51.513915,-0.142255
51.513667,-0.143707
51.51426,-0.141839
51.513462,-0.143165
51.514039,-0.143862
51.51444,-0.141353
51.513213,-0.143707
51.514835,-0.141049
51.513926,-0.141207
51.514397,-0.142752
51.513209,-0.145339
51.513825,-0.144001
51.514838,-0.14537
51.514732,-0.144746
51.514582,-0.145701
51.513456,-0.144289
51.513718,-0.145902
51.514282,-0.145908
51.517902,-0.144033
51.518698,-0.144281
51.518456,-0.145108
51.519156,-0.146148
51.520095,-0.146134
51.519942,-0.144107
51.517594,-0.144795
51.517882,-0.144661
51.519301,-0.144308
51.518606,-0.145627
51.518923,-0.144452
51.518218,-0.144401
51.518322,-0.143944
51.519025,-0.145246
51.519331,-0.146036
51.515944,-0.14018
51.51579,-0.139409
51.516453,-0.13905
51.516205,-0.139479
51.515359,-0.140196
51.517364,-0.14002
51.516551,-0.138576
51.51719,-0.138791
51.516436,-0.139983
51.515311,-0.13917
51.515574,-0.139464
51.514983,-0.139051
51.517126,-0.138138
51.51547,-0.138914
51.516824,-0.137442
51.516784,-0.13625
51.516067,-0.135373
51.5151,-0.137328
51.517509,-0.137086
51.516036,-0.136706
51.51591,-0.136433
51.516502,-0.137316
51.517433,-0.135503
51.515174,-0.135779
51.516306,-0.136299
51.516976,-0.135363
51.51556,-0.136678
51.518436,-0.137761
51.519514,-0.13606
51.518867,-0.13668
51.520037,-0.136242
51.519729,-0.136996
51.517727,-0.135162
51.517788,-0.135769
51.519492,-0.137538
51.519585,-0.135387
51.518442,-0.136148
51.518159,-0.135196
51.519104,-0.136429
51.518685,-0.135681
51.518955,-0.135964
51.518751,-0.137
51.517977,-0.135708
51.51632,-0.14395
51.516318,-0.144639
51.516428,-0.145314
51.515102,-0.144507
51.516629,-0.145279
51.515789,-0.146141
51.516588,-0.145966
51.5172,-0.144288
51.51685,-0.144191
51.517136,-0.145289
51.51667,-0.144949
51.516665,-0.144182
51.515436,-0.1446
51.516613,-0.144627
51.516101,-0.145747
51.516769,-0.146161
51.516155,-0.144867
51.516112,-0.145287
51.516953,-0.145601
51.516645,-0.145616
51.515098,-0.143915
51.515855,-0.142974
51.515219,-0.142354
51.51611,-0.143549
51.516659,-0.142633
51.517039,-0.14263
51.516308,-0.142226
51.517537,-0.141507
51.515002,-0.143199
51.517462,-0.142623
51.517214,-0.143314
51.516878,-0.142878
51.515259,-0.141449
51.517426,-0.142243
51.516702,-0.141368
51.515402,-0.141784
51.515281,-0.142858
51.518785,-0.142081
51.518358,-0.143213
51.517651,-0.141764
51.519061,-0.142174
51.519145,-0.141267
51.518606,-0.143145
51.519909,-0.142569
51.519949,-0.143696
51.518164,-0.143552
51.517786,-0.142824
51.518023,-0.143175
51.518457,-0.142582
51.518841,-0.142996
51.519644,-0.142415
51.517654,-0.141039
51.518929,-0.14139
51.51995,-0.143293
51.51941,-0.142364
51.520075,-0.138861
51.517584,-0.140078
51.518163,-0.140351
51.517644,-0.138862
51.518951,-0.139585
51.518815,-0.14062
51.51774,-0.138807
51.519271,-0.139432
51.520012,-0.139928
51.518648,-0.139332
51.519281,-0.140032
51.51923,-0.140704
51.519979,-0.138305
51.518998,-0.138303
51.518435,-0.140667
51.517847,-0.140508
51.523506,-0.089219
51.524248,-0.08828
51.525048,-0.088193
51.523609,-0.089728
51.523784,-0.088276
51.524012,-0.088563
51.524305,-0.088698
51.524081,-0.089207
51.523404,-0.088378
51.523765,-0.089279
51.523626,-0.088807
51.523365,-0.089994
51.525321,-0.089594
51.522653,-0.089075
51.520935,-0.088652
51.522715,-0.088541
51.520548,-0.088602
51.52277,-0.089902
51.52074,-0.089171
51.524417,-0.07902
51.524103,-0.07881
51.522676,-0.079093
51.521504,-0.079078
51.521876,-0.079043
51.522782,-0.080801
51.520678,-0.080103
51.520807,-0.081556
51.522072,-0.081964
51.521946,-0.081334
51.520138,-0.082133
51.520135,-0.080768
51.520889,-0.083345
51.522086,-0.084338
51.520564,-0.085029
51.520391,-0.085118
51.521931,-0.082648
51.521387,-0.084702
51.521592,-0.085657
51.520258,-0.086065
51.520556,-0.08617
51.522192,-0.086547
51.520466,-0.087439
51.521635,-0.086096
51.522802,-0.086245
51.52093,-0.085627
51.52136,-0.086074
51.522547,-0.085771
51.522794,-0.087356
51.521758,-0.087172
51.52225,-0.086867
51.520811,-0.086753
51.525189,-0.087177
51.52464,-0.087419
51.522981,-0.087364
51.525391,-0.086892
51.523271,-0.087443
51.525397,-0.086025
51.523402,-0.087962
51.523877,-0.085512
51.523307,-0.087034
51.523257,-0.08636
51.52362,-0.08778
51.524622,-0.086187
51.523984,-0.085247
51.524713,-0.085524
51.523792,-0.08621
51.523495,-0.087216
51.5237,-0.087238
51.52375,-0.086793
51.523392,-0.084284
51.52536,-0.085051
51.523706,-0.083107
51.524633,-0.082994
51.523531,-0.083819
51.524488,-0.082783
51.525187,-0.083917
51.523195,-0.083021
51.524504,-0.08418
51.523332,-0.084938
51.523,-0.082525
51.525356,-0.083815
51.524006,-0.084094
51.524163,-0.082698
51.524113,-0.083401
51.523564,-0.082057
51.524366,-0.080154
51.524708,-0.081386
51.523055,-0.079854
51.523878,-0.080502
51.522904,-0.080438
51.524788,-0.080212
51.524688,-0.079504
51.523876,-0.082035
51.523084,-0.08008
51.525435,-0.08022
51.524399,-0.079831
51.52317,-0.082192
51.524891,-0.081809
51.524598,-0.080191
51.523748,-0.080216
51.524478,-0.082019
51.525003,-0.08214
51.499119,-0.127047
51.501087,-0.125645
51.500713,-0.124547
51.501033,-0.124164
51.500746,-0.124191
51.501036,-0.123792
51.500526,-0.125171
51.501094,-0.125846
51.499837,-0.126085
51.500099,-0.126006
51.501067,-0.124986
51.500618,-0.127274
51.499998,-0.126791
51.500369,-0.12734
51.500835,-0.126638
51.500567,-0.126705
51.499213,-0.128021
51.500104,-0.126527
51.501231,-0.127058
51.499751,-0.128682
51.501172,-0.129032
51.499618,-0.127256
51.500865,-0.127192
51.49986,-0.127103
51.499457,-0.129118
51.499315,-0.126213
51.500431,-0.127867
51.499472,-0.128633
51.500933,-0.127955
51.500706,-0.126939
51.500299,-0.128367
51.500176,-0.128059
51.500493,-0.126314
51.50156,-0.126441
51.501203,-0.1266
51.500128,-0.12886
51.501062,-0.128491
51.501219,-0.127906
51.500659,-0.127655
51.504203,-0.126414
51.502404,-0.126674
51.50386,-0.127847
51.503552,-0.128649
51.50206,-0.128211
51.502939,-0.126412
51.502865,-0.129133
51.502995,-0.126367
51.502694,-0.126305
51.502096,-0.126537
51.502389,-0.128597
51.50417,-0.127272
51.50243,-0.126356
51.503282,-0.126476
51.502636,-0.125939
51.503571,-0.126196
51.50387,-0.126004
51.501864,-0.125654
51.503403,-0.124291
51.501927,-0.124377
51.50221,-0.124295
51.503313,-0.125751
51.504038,-0.123907
51.503493,-0.12567
51.50318,-0.125054
51.50262,-0.125566
51.503462,-0.123932
51.502923,-0.124056
51.503715,-0.123881
51.503233,-0.123907
51.502033,-0.125867
51.503173,-0.124001
51.502714,-0.124442
51.504869,-0.124979
51.505837,-0.126094
51.504969,-0.125573
51.505097,-0.125028
51.505682,-0.124316
51.505737,-0.124666
51.504605,-0.123908
51.504791,-0.126195
51.504818,-0.127579
51.505369,-0.128216
51.505247,-0.126624
51.505271,-0.129082
51.504796,-0.127105
51.506112,-0.126846
51.505201,-0.127614
51.504475,-0.127385
51.505701,-0.127017
51.505577,-0.131092
51.505968,-0.131045
51.504646,-0.129579
51.505576,-0.129561
51.505764,-0.130155
51.50449,-0.129507
51.505674,-0.1333
51.505636,-0.134274
51.505295,-0.133777
51.50588,-0.132386
51.505982,-0.133275
51.505727,-0.133645
51.505112,-0.134105
51.505068,-0.133717
51.502982,-0.129793
51.502086,-0.130759
51.50265,-0.130024
51.502354,-0.129548
51.504279,-0.129364
51.503889,-0.129873
51.504242,-0.13016
51.502165,-0.129299
51.502253,-0.129247
51.504291,-0.130707
51.500313,-0.129666
51.499621,-0.130493
51.499583,-0.129805
51.501123,-0.13011
51.501416,-0.129754
51.500804,-0.130298
51.501343,-0.130725
51.501783,-0.129519
51.500528,-0.129732
51.499997,-0.129689
51.500651,-0.13069
51.514838,-0.124828
51.514296,-0.126075
51.514792,-0.125214
51.513143,-0.124215
51.513149,-0.125526
51.513853,-0.125369
51.514528,-0.124732
51.513825,-0.12606
51.513491,-0.125673
51.514151,-0.124234
51.513893,-0.12506
51.513322,-0.125306
51.514646,-0.126867
51.514376,-0.12687
51.514793,-0.128357
51.513177,-0.127079
51.513258,-0.12764
51.513757,-0.127298
51.513508,-0.128242
51.514305,-0.127668
51.513375,-0.127201
51.51348,-0.128461
51.514489,-0.126494
51.514595,-0.128382
51.513526,-0.126622
51.51373,-0.127
51.514245,-0.12798
51.513959,-0.126769
51.513977,-0.129167
51.514059,-0.127598
51.513588,-0.127764
51.51371,-0.129844
51.51467,-0.130741
51.513527,-0.129491
51.513303,-0.130912
51.513845,-0.129624
51.51343,-0.130735
51.514549,-0.131168
51.514301,-0.130926
51.513432,-0.130371
51.514933,-0.131448
51.513527,-0.131402
51.514462,-0.129638
51.513452,-0.131524
51.513249,-0.13027
51.513217,-0.12952
51.514819,-0.13208
51.514246,-0.129792
51.513946,-0.130753
51.514154,-0.131319
51.51488,-0.130864
51.514282,-0.132066
51.513752,-0.131
51.513993,-0.131881
51.514084,-0.129749
51.513301,-0.131264
51.513189,-0.129933
51.514146,-0.129766
51.513242,-0.130139
51.514858,-0.130441
51.514472,-0.131644
51.514784,-0.132697
51.514002,-0.132695
51.513299,-0.133038
51.514086,-0.133601
51.513992,-0.134306
51.514455,-0.133693
51.514047,-0.134055
51.514473,-0.132961
51.514421,-0.134821
51.514343,-0.134162
51.513328,-0.133858
51.51394,-0.134755
51.513398,-0.132509
51.514181,-0.1328
51.514867,-0.133897
51.514709,-0.132474
51.513826,-0.132421
51.517683,-0.132517
51.517683,-0.133444
51.519861,-0.134721
51.518563,-0.134725
51.517959,-0.134243
51.51941,-0.134336
51.519228,-0.13309
51.517703,-0.134128
51.519349,-0.134027
51.518497,-0.132891
51.519102,-0.13477
51.518664,-0.132213
51.517973,-0.134691
51.519851,-0.125348
51.518868,-0.124262
51.519269,-0.126131
51.517707,-0.125769
51.518002,-0.125112
51.518788,-0.126242
51.517761,-0.125231
51.518231,-0.124093
51.51757,-0.12461
51.51869,-0.124549
51.517888,-0.126258
51.518196,-0.126017
51.518575,-0.125932
51.517287,-0.133117
51.517496,-0.134109
51.516784,-0.133488
51.51589,-0.132721
51.515581,-0.134788
51.515523,-0.132382
51.516348,-0.132963
51.515515,-0.134453
51.515113,-0.134266
51.516683,-0.133088
51.515215,-0.13348
51.516953,-0.134407
51.515544,-0.132964
51.515316,-0.132241
51.516528,-0.132679
51.51541,-0.132742
51.517184,-0.133822
51.516667,-0.130258
51.517231,-0.130889
51.515057,-0.131845
51.515398,-0.131586
51.515311,-0.131936
51.51647,-0.130788
51.517283,-0.129765
51.516402,-0.129933
51.516934,-0.130845
51.516757,-0.132096
51.515381,-0.12967
51.516375,-0.130378
51.516146,-0.129744
51.517198,-0.130343
51.515124,-0.129573
51.519116,-0.130944
51.518302,-0.129864
51.519993,-0.130103
51.519811,-0.131715
51.519507,-0.132161
51.519429,-0.130397
51.518703,-0.12924
51.518369,-0.130852
51.519796,-0.129512
51.518771,-0.126874
51.519412,-0.126429
51.519344,-0.12755
51.519662,-0.126432
51.519582,-0.12763
51.518271,-0.127972
51.519011,-0.126952
51.51789,-0.127339
51.519319,-0.127028
51.517652,-0.12853
51.519319,-0.129086
51.517972,-0.126525
51.519483,-0.128211
51.518985,-0.128219
51.519806,-0.127641
51.519806,-0.128651
51.518519,-0.127217
51.519452,-0.126777
51.518929,-0.127608
51.517824,-0.127931
51.520103,-0.127012
51.519839,-0.127029
51.519083,-0.126536
51.517557,-0.128791
51.515282,-0.128604
51.516266,-0.127686
51.515083,-0.127101
51.515961,-0.127673
51.516843,-0.126609
51.515907,-0.126392
51.515013,-0.126555
51.516657,-0.127959
51.515663,-0.127273
51.515653,-0.128041
51.51753,-0.129125
51.516523,-0.12673
51.515099,-0.127502
51.516119,-0.1242
51.516565,-0.125434
51.515293,-0.12567
51.516344,-0.124724
51.516467,-0.123939
51.516904,-0.125847
51.517348,-0.125075
51.515927,-0.12602
51.515457,-0.126179
51.523583,-0.112164
51.521828,-0.112265
51.52227,-0.112081
51.522568,-0.111653
51.522512,-0.111935
51.521734,-0.11184
51.523609,-0.102654
51.524813,-0.101984
51.522933,-0.102761
51.524327,-0.101774
51.523402,-0.102331
51.52322,-0.102411
51.522974,-0.102289
51.520415,-0.102319
51.520666,-0.101493
51.521203,-0.10174
51.520783,-0.103097
51.520397,-0.10298
51.520239,-0.104242
51.52102,-0.105181
51.521472,-0.104039
51.520785,-0.104329
51.521042,-0.103423
51.521293,-0.10391
51.522123,-0.102921
51.522514,-0.103777
51.521773,-0.104058
51.520149,-0.104766
51.520153,-0.106013
51.520335,-0.10673
51.522619,-0.105764
51.521794,-0.108187
51.522108,-0.106783
51.521052,-0.108575
51.522719,-0.106443
51.52068,-0.106183
51.520566,-0.10841
51.521335,-0.109447
51.521251,-0.10978
51.522527,-0.110993
51.520748,-0.109584
51.522126,-0.110611
51.521362,-0.108882
51.52178,-0.109284
51.522096,-0.10974
51.520423,-0.110703
51.522175,-0.111165
51.520568,-0.108705
51.521489,-0.10994
51.520784,-0.110996
51.521868,-0.109132
51.522114,-0.109068
51.522597,-0.110423
51.524542,-0.111038
51.523005,-0.109398
51.524162,-0.109691
51.524654,-0.108793
51.523022,-0.111443
51.524969,-0.110819
51.525312,-0.110659
51.524471,-0.110088
51.525182,-0.108677
51.524622,-0.109893
51.523756,-0.108715
51.523631,-0.108396
51.525312,-0.107028
51.525385,-0.10853
51.523182,-0.105964
51.52424,-0.108321
51.522995,-0.108054
51.524553,-0.10762
51.523425,-0.10818
51.524615,-0.106327
51.524794,-0.108235
51.524337,-0.106559
51.523852,-0.106786
51.524026,-0.105905
51.523542,-0.106423
51.523061,-0.107296
51.525408,-0.107562
51.522943,-0.106981
51.523441,-0.105833
51.524384,-0.105748
51.52412,-0.104788
51.522991,-0.103596
51.522848,-0.103217
51.523381,-0.10474
51.523539,-0.105369
51.524363,-0.10304
51.523621,-0.104875
51.522997,-0.105105
51.524054,-0.104037
51.523425,-0.104027
51.525121,-0.104578
51.524385,-0.10449
51.522944,-0.105706
51.523183,-0.105338
51.493596,-0.116782
51.493421,-0.116943
51.495658,-0.114418
51.497159,-0.114061
51.49787,-0.11471
51.497737,-0.116954
51.498174,-0.115166
51.497937,-0.1162
51.497118,-0.116146
51.496702,-0.116515
51.497774,-0.116388
51.498496,-0.114882
51.498034,-0.116679
51.497271,-0.117007
51.497925,-0.115018
51.49835,-0.117076
51.496488,-0.116741
51.496431,-0.115075
51.494556,-0.117111
51.494934,-0.117164
51.49612,-0.11648
51.494628,-0.11607
51.49543,-0.116344
51.493933,-0.119454
51.494986,-0.11961
51.495833,-0.118425
51.494828,-0.118339
51.494226,-0.119422
51.496188,-0.117707
51.494648,-0.119928
51.495655,-0.117792
51.494615,-0.120236
51.495615,-0.117448
51.4959,-0.11756
51.496212,-0.118275
51.496041,-0.118681
51.494789,-0.119686
51.496001,-0.118313
51.49345,-0.121195
51.493707,-0.117528
51.493778,-0.118223
51.493552,-0.119328
51.493372,-0.119714
51.493508,-0.118764
51.49328,-0.118499
51.49746,-0.119683
51.496696,-0.117892
51.498288,-0.119108
51.497675,-0.119194
51.498425,-0.120164
51.497164,-0.120579
51.495117,-0.121054
51.494478,-0.121199
51.495026,-0.120574
51.494929,-0.121154
51.494569,-0.123003
51.4946,-0.120536
51.495869,-0.120838
51.49623,-0.120822
51.494603,-0.123302
51.502199,-0.082354
51.505544,-0.069083
51.50453,-0.068015
51.505678,-0.068254
51.504776,-0.067913
51.505128,-0.068717
51.505262,-0.068083
51.501939,-0.069855
51.503515,-0.072722
51.502625,-0.071111
51.502466,-0.070908
51.503347,-0.072242
51.501898,-0.070596
51.503248,-0.073257
51.503112,-0.07179
51.502003,-0.072354
51.502219,-0.07081
51.505733,-0.070775
51.506108,-0.072634
51.504674,-0.075821
51.504499,-0.076221
51.505978,-0.075348
51.505238,-0.075765
51.505776,-0.075343
51.504984,-0.078126
51.504725,-0.077578
51.504506,-0.078355
51.505112,-0.078573
51.500867,-0.076517
51.501107,-0.077908
51.500481,-0.078668
51.500829,-0.077133
51.500669,-0.078561
51.500626,-0.077067
51.503224,-0.076699
51.503083,-0.078045
51.502792,-0.078042
51.504145,-0.077281
51.503174,-0.078615
51.50281,-0.076973
51.503437,-0.078282
51.502662,-0.078735
51.50209,-0.077851
51.503916,-0.076543
51.501926,-0.078082
51.502153,-0.076959
51.502353,-0.078619
51.502378,-0.077361
51.504288,-0.076336
51.502293,-0.078017
51.50412,-0.077851
51.503697,-0.075375
51.502271,-0.075819
51.503288,-0.075635
51.502882,-0.075177
51.502559,-0.073848
51.502212,-0.074281
51.503201,-0.074199
51.504299,-0.075832
51.503502,-0.073973
51.502219,-0.074935
51.503633,-0.076036
51.504036,-0.075546
51.502411,-0.074175
51.500137,-0.076103
51.500724,-0.073752
51.50161,-0.07434
51.501413,-0.07578
51.500434,-0.075486
51.50085,-0.075516
51.500771,-0.074499
51.501602,-0.074637
51.500375,-0.074124
51.501712,-0.070865
51.501377,-0.071294
51.500797,-0.07178
51.501552,-0.07268
51.511845,-0.090776
51.511344,-0.090941
51.512111,-0.090164
51.511295,-0.090024
51.510842,-0.090541
51.511495,-0.090377
51.512001,-0.090922
51.510934,-0.090417
51.511871,-0.090475
51.510918,-0.090912
51.511331,-0.090584
51.512653,-0.090199
51.51247,-0.090403
51.512637,-0.090825
51.512553,-0.091234
51.512567,-0.092189
51.512762,-0.092451
51.512881,-0.09357
51.512837,-0.093873
51.512621,-0.093374
51.512813,-0.092997
51.513094,-0.091438
51.511449,-0.092257
51.510852,-0.091989
51.511267,-0.092437
51.511131,-0.092305
51.511556,-0.091311
51.511577,-0.091789
51.511295,-0.09277
51.512046,-0.093774
51.51095,-0.091642
51.509766,-0.093371
51.510361,-0.093323
51.51076,-0.093218
51.510757,-0.091064
51.511772,-0.092878
51.510392,-0.09117
51.511174,-0.093702
51.510876,-0.092295
51.509947,-0.093567
51.510785,-0.093515
51.512284,-0.092768
51.509631,-0.091573
51.507141,-0.092495
51.509238,-0.091138
51.507181,-0.091937
51.509554,-0.092643
51.507197,-0.092841
51.509451,-0.091731
51.509342,-0.090309
51.507139,-0.09043
51.506528,-0.090308
51.506701,-0.09081
51.506699,-0.090426
51.506509,-0.09002
51.506251,-0.090182
51.506995,-0.090612
51.50702,-0.091483
51.506936,-0.091099
51.50698,-0.09192
51.506394,-0.092852
51.506758,-0.093245
51.506335,-0.0935
51.506226,-0.091276
51.506199,-0.091638
51.506741,-0.094012
51.506904,-0.094622
51.512451,-0.098253
51.512953,-0.097705
51.512871,-0.098125
51.512928,-0.097338
51.512816,-0.098468
51.513059,-0.099029
51.512663,-0.098175
51.512557,-0.098499
51.512482,-0.097201
51.510624,-0.097857
51.511775,-0.099187
51.511839,-0.098432
51.51172,-0.097954
51.510935,-0.098404
51.512088,-0.099754
51.509731,-0.098505
51.510831,-0.096994
51.510427,-0.098481
51.511429,-0.097984
51.510864,-0.098988
51.510868,-0.099475
51.512173,-0.097084
51.512045,-0.098785
51.510522,-0.097045
51.511862,-0.100947
51.512176,-0.100821
51.512191,-0.101235
51.513079,-0.100551
51.512654,-0.100224
51.512953,-0.100022
51.507599,-0.100422
51.508581,-0.100285
51.507394,-0.101133
51.508044,-0.100264
51.507096,-0.101086
51.508334,-0.101204
51.508114,-0.099881
51.50698,-0.099943
51.506613,-0.100391
51.506159,-0.10096
51.506382,-0.100465
51.506556,-0.099299
51.506455,-0.096879
51.506523,-0.098598
51.508319,-0.097562
51.50825,-0.097075
51.507905,-0.099352
51.508057,-0.097741
51.508116,-0.098762
51.507098,-0.095272
51.50809,-0.096835
51.508379,-0.096699
51.508967,-0.09412
51.508084,-0.095563
51.507962,-0.094439
51.508025,-0.094725
51.507318,-0.095992
51.507099,-0.094527
51.508257,-0.09579
51.510395,-0.095931
51.510406,-0.094284
51.51045,-0.095066
51.51018,-0.095173
51.511856,-0.09398
51.511354,-0.096782
51.512029,-0.095955
51.511084,-0.094143
51.511779,-0.094633
51.511854,-0.095572
51.511264,-0.095403
51.510903,-0.094386
51.51197,-0.0953
51.511624,-0.094784
51.509845,-0.094364
51.511348,-0.096481
51.513077,-0.095536
51.51242,-0.0945
51.513022,-0.096659
51.512722,-0.096175
51.513554,-0.078916
51.514729,-0.078904
51.513874,-0.079023
51.513176,-0.081692
51.51441,-0.080221
51.514703,-0.079739
51.513354,-0.079266
51.514949,-0.080791
51.513634,-0.081271
51.514226,-0.082073
51.513373,-0.081863
51.513218,-0.079345
51.513495,-0.081565
51.513952,-0.079604
51.514607,-0.080003
51.513639,-0.081966
51.514958,-0.080348
51.51378,-0.079767
51.51365,-0.082076
51.514774,-0.081994
51.514187,-0.080381
51.514483,-0.081669
51.514074,-0.081149
51.51482,-0.084405
51.514266,-0.084958
51.51365,-0.084497
51.514523,-0.083704
51.514098,-0.085103
51.513255,-0.083929
51.514361,-0.08446
51.514115,-0.084033
51.513583,-0.082663
51.514648,-0.082388
51.513415,-0.084216
51.51359,-0.084881
51.513403,-0.083241
51.513453,-0.086401
51.513369,-0.087221
51.513393,-0.086738
51.51368,-0.087725
51.513793,-0.087277
51.513904,-0.08654
51.513709,-0.086567
51.51356,-0.087268
51.514199,-0.087019
51.514648,-0.087782
51.514215,-0.085666
51.513223,-0.085605
51.514807,-0.086855
51.514477,-0.086463
51.513138,-0.085954
51.513233,-0.086603
51.514036,-0.085731
51.514272,-0.086301
51.513582,-0.085654
51.514149,-0.086388
51.513386,-0.085739
51.513337,-0.085127
51.513759,-0.086215
51.513537,-0.088041
51.514808,-0.085381
51.514893,-0.08639
51.514137,-0.087562
51.51349,-0.089705
51.51462,-0.08916
51.513919,-0.089212
51.514624,-0.089638
51.51484,-0.08926
51.51362,-0.089204
51.513287,-0.088112
51.514724,-0.088505
51.513804,-0.088507
51.513178,-0.089923
51.514636,-0.08877
51.514187,-0.089423
51.514751,-0.088818
51.513236,-0.089589
51.513179,-0.089293
51.513419,-0.088432
51.515546,-0.089261
51.515412,-0.08956
51.516357,-0.089936
51.515184,-0.0894
51.517219,-0.088636
51.516237,-0.088201
51.516601,-0.088908
51.515758,-0.089409
51.515904,-0.088062
51.517161,-0.0896
51.516275,-0.088575
51.515254,-0.088846
51.516304,-0.089019
51.515687,-0.088692
51.517421,-0.088379
51.516411,-0.088543
51.517654,-0.080173
51.518055,-0.080528
51.518131,-0.079701
51.518661,-0.079348
51.517726,-0.080492
51.519801,-0.080547
51.519723,-0.081196
51.517818,-0.082164
51.519146,-0.08196
51.517852,-0.082185
51.515571,-0.082124
51.516335,-0.081591
51.51734,-0.08132
51.516255,-0.079874
51.516674,-0.07973
51.51722,-0.079625
51.516496,-0.081857
51.516899,-0.080301
51.516659,-0.081349
51.517268,-0.08167
51.516162,-0.081289
51.517083,-0.079183
51.516452,-0.079174
51.517459,-0.079179
51.520035,-0.079199
51.51835,-0.078821
51.51819,-0.088104
51.518894,-0.088642
51.519399,-0.088294
51.518491,-0.088204
51.518009,-0.088212
51.517802,-0.088632
51.5177,-0.088379
51.519456,-0.089472
51.519241,-0.088901
51.517639,-0.088831
51.517633,-0.089423
51.51791,-0.086767
51.518652,-0.085783
51.5184,-0.087822
51.520097,-0.087472
51.51879,-0.086103
51.518905,-0.085143
51.517963,-0.087342
51.519819,-0.086501
51.517686,-0.08656
51.515037,-0.085603
51.517243,-0.086883
51.515718,-0.086524
51.516394,-0.086495
51.516214,-0.087849
51.516023,-0.086403
51.515278,-0.08669
51.515646,-0.086126
51.517254,-0.085199
51.515399,-0.087554
51.514981,-0.087449
51.517182,-0.086577
51.517243,-0.087629
51.51658,-0.085979
51.516292,-0.085463
51.515722,-0.085258
51.515215,-0.086227
51.516813,-0.086048
51.515556,-0.085436
51.515377,-0.085766
51.515119,-0.085519
51.515103,-0.083463
51.515213,-0.082356
51.515457,-0.085023
51.515013,-0.082611
51.517501,-0.082356
51.51515,-0.08456
51.516656,-0.084577
51.516316,-0.082979
51.516694,-0.082914
51.516659,-0.082227
51.515653,-0.084488
51.517457,-0.083019
51.516099,-0.084171
51.517265,-0.083103
51.5166,-0.083934
51.515556,-0.08247
51.515308,-0.084001
51.515026,-0.084801
51.516453,-0.082455
51.51949,-0.084267
51.518209,-0.083831
51.517684,-0.084727
51.519301,-0.084672
51.518617,-0.083589
51.518541,-0.083177
51.51978,-0.083715
51.518504,-0.085054
51.519924,-0.083219
51.517783,-0.082335
51.519164,-0.083926
51.517633,-0.082671
51.517716,-0.082323
51.513199,-0.11354
51.514911,-0.113734
51.514947,-0.113595
51.513236,-0.113903
51.513425,-0.112501
51.513347,-0.113316
51.513196,-0.113104
51.513355,-0.112888
51.514679,-0.115926
51.513275,-0.115451
51.514909,-0.117226
51.514738,-0.116793
51.514413,-0.117381
51.514579,-0.11721
51.514473,-0.116881
51.514558,-0.116189
51.514143,-0.115787
51.513625,-0.114655
51.51316,-0.114895
51.514757,-0.116408
51.513446,-0.116796
51.514289,-0.11662
51.513547,-0.119654
51.513893,-0.118858
51.514533,-0.118087
51.514868,-0.12012
51.514298,-0.119475
51.514271,-0.117586
51.514691,-0.119159
51.514104,-0.118865
51.513772,-0.120082
51.513165,-0.11913
51.513609,-0.117795
51.514347,-0.122464
51.513319,-0.122846
51.513593,-0.122562
51.513428,-0.121074
51.514031,-0.122713
51.513832,-0.120572
51.514432,-0.122138
51.514625,-0.12179
51.513128,-0.120689
51.51491,-0.121658
51.519225,-0.117408
51.519048,-0.116301
51.518883,-0.117294
51.518045,-0.116672
51.517961,-0.116147
51.51908,-0.114923
51.517968,-0.115664
51.519132,-0.115218
51.51849,-0.116825
51.519371,-0.114748
51.517776,-0.117283
51.515829,-0.11723
51.516954,-0.11741
51.516246,-0.116577
51.516303,-0.114712
51.516608,-0.114948
51.516942,-0.116527
51.516008,-0.114933
51.51706,-0.115615
51.515495,-0.115622
51.517109,-0.115984
51.515449,-0.116324
51.517127,-0.116526
51.515781,-0.114949
51.516003,-0.114572
51.516707,-0.117343
51.515519,-0.117092
51.515133,-0.115607
51.516307,-0.112871
51.517421,-0.113365
51.517093,-0.112771
51.515058,-0.112961
51.516218,-0.113693
51.51579,-0.114455
51.515671,-0.113594
51.516523,-0.113266
51.517404,-0.114032
51.51671,-0.114292
51.515926,-0.11312
51.518299,-0.113568
51.519202,-0.11258
51.519006,-0.11422
51.519722,-0.112794
51.518373,-0.11283
51.519242,-0.113679
51.519112,-0.123374
51.517651,-0.123444
51.518957,-0.123688
51.519703,-0.121084
51.518245,-0.120502
51.519484,-0.122921
51.519402,-0.123298
51.518705,-0.123214
51.518392,-0.122119
51.519547,-0.121673
51.518027,-0.120421
51.519809,-0.122455
51.518972,-0.122828
51.519129,-0.122281
51.518343,-0.123068
51.518602,-0.121622
51.519952,-0.121309
51.517594,-0.121402
51.51822,-0.120914
51.518942,-0.120789
51.517883,-0.121855
51.51536,-0.121449
51.515044,-0.122641
51.515747,-0.120621
51.517314,-0.121538
51.51526,-0.120612
51.517419,-0.123171
51.516225,-0.123003
51.517079,-0.122801
51.516426,-0.121146
51.516406,-0.122246
51.516016,-0.120479
51.517228,-0.121841
51.516651,-0.122478
51.517052,-0.122489
51.517435,-0.121993
51.516278,-0.118722
51.515438,-0.119756
51.51683,-0.119729
51.515341,-0.119172
51.516082,-0.119545
51.516626,-0.119608
51.51703,-0.120373
51.517345,-0.120085
51.516131,-0.118388
51.515833,-0.118165
51.516438,-0.118901
51.516244,-0.119321
51.515037,-0.118529
51.516512,-0.118241
51.517233,-0.119202
51.517759,-0.120143
51.519326,-0.118526
51.519053,-0.119392
51.519929,-0.11969
51.519243,-0.119718
51.519672,-0.118348
51.518868,-0.118748
51.517708,-0.117931
51.519135,-0.118201
51.518572,-0.118383
51.519327,-0.118972
51.520311,-0.131093
51.520867,-0.130741
51.520647,-0.130036
51.520204,-0.130055
51.52212,-0.130822
51.52166,-0.130373
51.522632,-0.131369
51.521952,-0.130067
51.521302,-0.131152
51.521961,-0.13099
51.522745,-0.129708
51.521896,-0.129648
51.521152,-0.131877
51.521704,-0.131639
51.520311,-0.134257
51.520594,-0.134474
51.52066,-0.133339
51.520563,-0.133572
51.522665,-0.132934
51.52192,-0.133878
51.520731,-0.134962
51.520455,-0.133016
51.521532,-0.132569
51.522157,-0.133434
51.520936,-0.134577
51.520834,-0.132686
51.520436,-0.133895
51.521487,-0.134973
51.525065,-0.132548
51.52471,-0.133845
51.524394,-0.13305
51.525061,-0.133291
51.52334,-0.132343
51.523367,-0.132721
51.52424,-0.134706
51.523116,-0.133153
51.523281,-0.133377
51.523808,-0.134326
51.52386,-0.134923
51.523562,-0.132693
51.523875,-0.133
51.524267,-0.133322
51.524475,-0.134156
51.5236,-0.133909
51.524389,-0.132455
51.524077,-0.134237
51.524662,-0.13346
51.52486,-0.134289
51.523103,-0.133444
51.524577,-0.132809
51.525174,-0.133577
51.524216,-0.130001
51.524844,-0.131094
51.523125,-0.130639
51.523623,-0.130158
51.524035,-0.131462
51.523725,-0.130764
51.523369,-0.129565
51.523418,-0.131475
51.523323,-0.130096
51.524588,-0.131736
51.524401,-0.130253
51.524241,-0.13056
51.523125,-0.131853
51.525046,-0.129684
51.524351,-0.131092
51.523931,-0.128377
51.523492,-0.127528
51.524675,-0.128186
51.52325,-0.126451
51.524639,-0.128938
51.524989,-0.127272
51.52382,-0.127067
51.523985,-0.12724
51.522955,-0.128349
51.524802,-0.128563
51.52305,-0.129232
51.5241,-0.129027
51.525081,-0.129013
51.522914,-0.124731
51.522915,-0.125306
51.524603,-0.125094
51.525253,-0.12542
51.525064,-0.124939
51.523172,-0.124432
51.525058,-0.12527
51.522845,-0.124187
51.52448,-0.124717
51.524502,-0.123789
51.523162,-0.12496
51.52286,-0.126023
51.524039,-0.125614
51.524874,-0.124941
51.525121,-0.124442
51.522231,-0.123756
51.522766,-0.12454
51.522396,-0.124974
51.520618,-0.124818
51.521678,-0.126083
51.522341,-0.124489
51.522354,-0.125845
51.520796,-0.124213
51.521605,-0.124665
51.52139,-0.123845
51.52155,-0.124012
51.521114,-0.125339
51.522607,-0.125379
51.522304,-0.128574
51.520308,-0.127571
51.52171,-0.12795
51.520247,-0.128012
51.520686,-0.126738
51.522065,-0.128064
51.52109,-0.128745
51.522174,-0.127577
51.521441,-0.127913
51.520643,-0.128542
51.52249,-0.129207
51.521853,-0.1288
51.521758,-0.127115
51.52262,-0.126568
51.500392,-0.092785
51.501798,-0.079244
51.500206,-0.080399
51.501795,-0.080651
51.501809,-0.080321
51.500401,-0.081541
51.500529,-0.082045
51.501533,-0.081859
51.500704,-0.081709
51.501056,-0.081897
51.500009,-0.080139
51.503461,-0.079426
51.502401,-0.082007
51.504058,-0.081963
51.503892,-0.080985
51.502572,-0.079787
51.503581,-0.079858
51.501946,-0.081384
51.504009,-0.078987
51.503715,-0.078862
51.504754,-0.078845
51.504886,-0.079118
51.505098,-0.079123
51.504031,-0.088395
51.503082,-0.08892
51.504377,-0.088131
51.502509,-0.088243
51.50385,-0.088145
51.503723,-0.088573
51.503482,-0.089056
51.502208,-0.088308
51.503174,-0.085355
51.50389,-0.087481
51.502253,-0.085616
51.502091,-0.087671
51.503723,-0.086058
51.501863,-0.086523
51.504135,-0.085383
51.50407,-0.087497
51.502492,-0.085638
51.503385,-0.087884
51.502437,-0.084191
51.504298,-0.083595
51.50272,-0.084558
51.5022,-0.08364
51.50274,-0.085058
51.502131,-0.085074
51.502012,-0.084394
51.502925,-0.084123
51.501817,-0.082246
51.500585,-0.084488
51.501388,-0.082631
51.500961,-0.083345
51.500355,-0.083674
51.50117,-0.084312
51.501406,-0.082184
51.500445,-0.084991
51.501198,-0.087281
51.501043,-0.085418
51.50173,-0.087716
51.501742,-0.086013
51.505111,-0.07984
51.504988,-0.07959
51.504591,-0.079994
51.505739,-0.080889
51.505618,-0.080275
51.505469,-0.081166
51.504931,-0.080238
51.5054,-0.07967
51.505509,-0.080541
51.504872,-0.082805
51.505078,-0.083886
51.504681,-0.083527
51.504859,-0.083443
51.506037,-0.083373
51.505247,-0.084853
51.505564,-0.083885
51.505445,-0.084897
51.50465,-0.084898
51.50595,-0.082203
51.505378,-0.082701
51.505944,-0.085733
51.505973,-0.086213
51.504628,-0.085978
51.505322,-0.08688
51.505089,-0.087608
51.5047,-0.086807
51.504509,-0.087687
51.505686,-0.085448
51.505995,-0.088681
51.505282,-0.088794
51.505454,-0.089923
51.505239,-0.08807
51.505075,-0.08924
51.50465,-0.088304
51.50457,-0.08929
51.506073,-0.089518
51.505782,-0.08949
51.504998,-0.088695
51.504909,-0.088969
51.50598,-0.088294
51.50539,-0.089052
51.504914,-0.089783
51.501104,-0.088518
51.501153,-0.088888
51.50114,-0.089497
51.500353,-0.088037
51.504572,-0.090189
51.504872,-0.090734
51.505496,-0.090672
51.505531,-0.090202
51.506043,-0.090048
51.504957,-0.092919
51.504762,-0.092662
51.505949,-0.092979
51.505327,-0.09256
51.505467,-0.09114
51.504786,-0.091168
51.505408,-0.092228
51.50458,-0.093385
51.503801,-0.091081
51.50413,-0.093325
51.502779,-0.091831
51.50242,-0.093738
51.502112,-0.093668
51.502162,-0.093382
51.501865,-0.092808
51.503585,-0.093773
51.502594,-0.092327
51.503322,-0.092503
51.502704,-0.091582
51.502973,-0.092909
51.501199,-0.093489
51.50182,-0.092432
51.501481,-0.093158
51.501689,-0.091895
51.501452,-0.092143
51.501496,-0.092705
51.50095,-0.093751
51.500655,-0.09157
51.500125,-0.091391
51.501351,-0.092941
51.501247,-0.092345
51.501079,-0.0904
51.503983,-0.090736
51.502847,-0.090642
51.504251,-0.090943
51.502924,-0.09093
51.504303,-0.090149
51.50525,-0.101237
51.505632,-0.100286
51.505949,-0.100634
51.503678,-0.099833
51.502344,-0.099961
51.503626,-0.100256
51.503529,-0.099284
51.502549,-0.097612
51.50438,-0.096907
51.502323,-0.096842
51.503255,-0.097935
51.502048,-0.097607
51.502129,-0.097189
51.503629,-0.098478
51.50387,-0.096917
51.503615,-0.099023
51.502926,-0.096943
51.502977,-0.098418
51.502226,-0.097554
51.503149,-0.098255
51.501979,-0.097926
51.500746,-0.098475
51.501775,-0.098005
51.501025,-0.097546
51.5015,-0.097289
51.500619,-0.097934
51.50089,-0.098822
51.500502,-0.097308
51.500265,-0.095371
51.500736,-0.094149
51.500032,-0.096605
51.500274,-0.094461
51.501012,-0.094294
51.501092,-0.096655
51.500205,-0.094759
51.500945,-0.095072
51.501698,-0.095642
51.500866,-0.094765
51.501618,-0.09416
51.503827,-0.095429
51.504033,-0.095833
51.504187,-0.094351
51.503179,-0.094809
51.503858,-0.094241
51.503749,-0.093936
51.504079,-0.09654
51.503073,-0.095164
51.503903,-0.094852
51.502103,-0.096641
51.503094,-0.094278
51.502284,-0.094204
51.503805,-0.095907
51.502775,-0.096232
51.502724,-0.095543
51.501841,-0.095406
51.503312,-0.09451
51.504717,-0.095105
51.506035,-0.094787
51.504745,-0.09458
51.504645,-0.096142
51.504866,-0.095821
51.504684,-0.094146
51.500685,-0.100448
51.50085,-0.099889
51.501814,-0.100093
51.505995,-0.097566
51.504739,-0.09707
51.505934,-0.098566
51.505156,-0.098227
51.50458,-0.098937
51.505125,-0.097667
51.505484,-0.099665
51.505294,-0.097141
51.520143,-0.143401
51.521721,-0.142556
51.522715,-0.143815
51.521573,-0.143541
51.521527,-0.1426
51.52058,-0.143018
51.521826,-0.14367
51.521855,-0.142155
51.521204,-0.143547
51.520523,-0.142132
51.520867,-0.142103
51.520691,-0.143655
51.521685,-0.145402
51.5223,-0.145
51.522291,-0.144085
51.520833,-0.145295
51.521103,-0.144842
51.521632,-0.145857
51.521739,-0.144195
51.521117,-0.145413
51.520487,-0.145373
51.522459,-0.145991
51.52205,-0.144242
51.5233,-0.143986
51.522968,-0.146218
51.522833,-0.141675
51.523114,-0.143301
51.523058,-0.141954
51.523493,-0.142478
51.523881,-0.143938
51.522938,-0.1427
51.523726,-0.141019
51.523737,-0.143341
51.524316,-0.141872
51.523445,-0.137947
51.524206,-0.135399
51.523515,-0.13557
51.523589,-0.137404
51.52309,-0.138039
51.525108,-0.135361
51.522929,-0.136929
51.52316,-0.135261
51.521817,-0.136537
51.522432,-0.135936
51.522005,-0.136631
51.52035,-0.136854
51.521164,-0.13518
51.52028,-0.135226
51.520447,-0.135377
51.522735,-0.137546
51.522385,-0.140092
51.522265,-0.138574
51.522686,-0.13988
51.521507,-0.138938
51.520679,-0.140821
51.520699,-0.139889
51.520417,-0.140758
51.522436,-0.1388
51.522535,-0.13963
51.522757,-0.140623
51.522175,-0.140656
51.521425,-0.14008
51.522727,-0.13929
51.522017,-0.139859
51.521381,-0.138169
51.520885,-0.139328
51.52022,-0.138545
51.520479,-0.139983
51.520752,-0.135074
51.524636,-0.138769
51.52292,-0.140851
51.524631,-0.138085
51.523184,-0.14032
51.523888,-0.140199
51.523684,-0.138899
51.523255,-0.139632
51.52314,-0.138643
51.523547,-0.139862
51.524305,-0.138515
51.50426,-0.147963
51.503516,-0.148268
51.504134,-0.148243
51.5039,-0.146547
51.504652,-0.147973
51.505848,-0.147448
51.50571,-0.148106
51.505701,-0.1484
51.504538,-0.147471
51.506105,-0.147705
51.505301,-0.148648
51.505063,-0.148446
51.504994,-0.148791
51.504787,-0.147074
51.514671,-0.149085
51.51371,-0.148623
51.514228,-0.149462
51.513745,-0.147998
51.514351,-0.14845
51.513411,-0.147831
51.514199,-0.148907
51.513193,-0.148517
51.514336,-0.149864
51.514779,-0.151551
51.513201,-0.15073
51.514183,-0.150127
51.514211,-0.151942
51.513222,-0.151021
51.51341,-0.150435
51.516754,-0.151415
51.517447,-0.152541
51.515617,-0.150017
51.515313,-0.152044
51.514941,-0.150512
51.517031,-0.150681
51.517143,-0.150359
51.517046,-0.15106
51.516645,-0.151107
51.516021,-0.152419
51.517429,-0.151314
51.516645,-0.15196
51.516526,-0.151951
51.516889,-0.151752
51.515117,-0.150129
51.516152,-0.152271
51.515596,-0.15198
51.515919,-0.149402
51.51645,-0.148801
51.516218,-0.149764
51.515207,-0.147043
51.516551,-0.148246
51.516769,-0.146895
51.516368,-0.14823
51.51564,-0.1472
51.516048,-0.147032
51.515321,-0.147418
51.516923,-0.147098
51.515068,-0.148762
51.515352,-0.14952
51.515015,-0.149208
51.51898,-0.14703
51.518364,-0.149636
51.519672,-0.147427
51.517763,-0.149532
51.519059,-0.148418
51.518846,-0.149626
51.517834,-0.148832
51.519705,-0.148785
51.517778,-0.149117
51.519157,-0.147226
51.518186,-0.146747
51.518503,-0.146833
51.51956,-0.146322
51.517815,-0.146717
51.51618,-0.146328
51.515682,-0.146806
51.517188,-0.152943
51.517315,-0.153763
51.516467,-0.153231
51.51516,-0.152904
51.516334,-0.15277
51.517782,-0.153212
51.518397,-0.154208
51.519235,-0.153139
51.519783,-0.154182
51.51851,-0.153766
51.52011,-0.153864
51.517872,-0.153751
51.518962,-0.154094
51.518284,-0.152271
51.518865,-0.150825
51.519513,-0.151818
51.518028,-0.151415
51.517935,-0.151762
51.519847,-0.152296
51.518942,-0.151821
51.519874,-0.151959
51.520106,-0.151721
51.517637,-0.150828
51.518856,-0.150535
51.518025,-0.152289
51.519651,-0.1501
51.520231,-0.154131
51.52023,-0.154426
51.520714,-0.154502
51.520696,-0.153635
51.520472,-0.152822
51.521545,-0.152935
51.520667,-0.155035
51.520512,-0.154717
51.521014,-0.149662
51.52193,-0.146983
51.520691,-0.147647
51.52048,-0.146881
51.520578,-0.14921
51.521528,-0.148628
51.520458,-0.147814
51.521203,-0.15183
51.522161,-0.151526
51.520716,-0.15256
51.521326,-0.15055
51.52185,-0.151712
51.521211,-0.151234
51.521478,-0.151966
51.52078,-0.152058
51.520592,-0.150387
51.522045,-0.151812
51.506509,-0.146329
51.506998,-0.146378
51.506809,-0.1465
51.512899,-0.146485
51.513092,-0.146417
51.510522,-0.146522
51.510061,-0.146658
51.509785,-0.146616
51.510028,-0.146363
51.510194,-0.147735
51.511965,-0.147376
51.510464,-0.149713
51.511132,-0.147733
51.511505,-0.149771
51.510907,-0.147671
51.511768,-0.146988
51.509667,-0.148157
51.51155,-0.148266
51.510149,-0.149267
51.512674,-0.147789
51.512927,-0.146977
51.512462,-0.14899
51.512609,-0.149182
51.513059,-0.152033
51.512516,-0.151174
51.512844,-0.152002
51.51292,-0.150907
51.512411,-0.150386
51.511739,-0.149917
51.511838,-0.15158
51.512057,-0.150135
51.511686,-0.150364
51.511032,-0.150179
51.511113,-0.151217
51.509116,-0.150529
51.508726,-0.149797
51.50933,-0.150276
51.509045,-0.150123
51.507416,-0.148842
51.507439,-0.148458
51.507549,-0.148088
51.507202,-0.14839
51.509582,-0.14934
51.507772,-0.148045
51.509142,-0.147307
51.508021,-0.14816
51.507905,-0.146821
51.509042,-0.149004
51.50924,-0.148886
51.509015,-0.149319
51.506627,-0.147518
51.506494,-0.149201
51.506417,-0.147399
51.506457,-0.148741
51.506811,-0.147752
51.506271,-0.147174