35.63556,139.751853
35.636009,139.750195
35.636458,139.750195
35.636458,139.749642
35.636907,139.749642
35.636907,139.74909
35.636907,139.748537
35.637357,139.749642
35.638255,139.749643
35.638704,139.749643
35.639153,139.750195
35.639602,139.749643
35.640051,139.750195
35.64095,139.750195
35.641399,139.749643
35.641848,139.74909
35.642297,139.749643
35.642746,139.74909
35.642297,139.748538
35.641848,139.748538
35.640051,139.747985
35.639602,139.747985
35.640051,139.747432
35.640501,139.747432
35.64095,139.747432
35.641848,139.747985
35.642297,139.747985
35.642746,139.747985
35.643196,139.747432
35.643196,139.746327
35.644094,139.747432
35.644543,139.74688
35.644992,139.747432
35.645441,139.74688
35.64634,139.74688
35.64634,139.745774
35.646789,139.746327
35.647687,139.74688
35.647687,139.747433
35.649484,139.746327
35.649484,139.74688
35.649933,139.747433
35.650382,139.747433
35.650382,139.747986
35.650831,139.747986
35.65128,139.747433
35.652179,139.74688
35.65173,139.746327
35.65173,139.745775
35.652179,139.745775
35.652179,139.745222
35.65173,139.745222
35.650831,139.744669
35.649933,139.744116
35.649484,139.744116
35.649035,139.744116
35.648136,139.744116
35.649035,139.743564
35.650382,139.743564
35.652179,139.743011
35.652628,139.743011
35.653077,139.744669
35.653975,139.744669
35.654425,139.744669
35.654425,139.745222
35.653975,139.745222
35.653975,139.745775
35.653526,139.746328
35.653975,139.746328
35.654425,139.74688
35.655323,139.746328
35.654874,139.745775
35.654425,139.745775
35.655323,139.744669
35.655323,139.743564
35.655323,139.743011
35.655323,139.741905
35.654425,139.741353
35.655772,139.741353
35.655772,139.741905
35.656221,139.741905
35.65667,139.742458
35.657119,139.742458
35.657569,139.743011
35.658018,139.742458
35.658467,139.743011
35.658018,139.743564
35.657569,139.743564
35.65667,139.743564
35.65667,139.744117
35.65667,139.744669
35.656221,139.744669
35.656221,139.745222
35.655772,139.745222
35.655772,139.745775
35.656221,139.745775
35.65667,139.746881
35.65667,139.747433
35.657119,139.747433
35.657569,139.747434
35.657569,139.747986
35.657119,139.747986
35.65667,139.747986
35.656221,139.747986
35.655772,139.747986
35.655772,139.748539
35.65667,139.748539
35.657119,139.748539
35.657569,139.748539
35.657569,139.749092
35.657119,139.749092
35.65667,139.749092
35.656221,139.749092
35.655772,139.749092
35.654874,139.748539
35.654425,139.748539
35.654874,139.747986
35.655323,139.747986
35.655323,139.747433
35.654874,139.747433
35.654425,139.747433
35.653975,139.747433
35.653526,139.747986
35.653975,139.747986
35.653975,139.748539
35.654425,139.749092
35.653975,139.749092
35.653975,139.749644
35.653975,139.750197
35.652628,139.75075
35.65173,139.75075
35.65173,139.751302
35.652179,139.751855
35.652628,139.751855
35.653077,139.751855
35.653526,139.752408
35.654425,139.752408
35.654874,139.752408
35.655323,139.752961
35.655323,139.753514
35.655772,139.753514
35.656221,139.753514
35.65667,139.753514
35.657119,139.753514
35.657119,139.754067
35.65667,139.754067
35.65667,139.75462
35.657119,139.75462
35.657569,139.75462
35.657569,139.754067
35.658467,139.754067
35.658018,139.753514
35.658467,139.752962
35.658018,139.752962
35.657569,139.752962
35.657119,139.752961
35.65667,139.752961
35.656221,139.752961
35.655772,139.752961
35.655772,139.752408
35.655323,139.751856
35.654425,139.751303
35.653975,139.751855
35.653526,139.751303
35.653526,139.75075
35.653975,139.75075
35.654425,139.75075
35.655323,139.750197
35.655323,139.749644
35.654874,139.749644
35.654874,139.749092
35.655323,139.749092
35.655772,139.749645
35.656221,139.749645
35.65667,139.749645
35.657119,139.749645
35.657569,139.750198
35.657119,139.750197
35.65667,139.750197
35.656221,139.750197
35.655772,139.75075
35.656221,139.751303
35.656221,139.751856
35.65667,139.751856
35.65667,139.752409
35.657119,139.752409
35.657569,139.752409
35.658018,139.751856
35.657569,139.751303
35.657119,139.751303
35.65667,139.751303
35.65667,139.75075
35.657119,139.75075
35.657569,139.75075
35.658018,139.75075
35.658467,139.75075
35.658916,139.75075
35.659365,139.750751
35.659365,139.750198
35.658916,139.750198
35.658467,139.750198
35.658916,139.749645
35.659365,139.749645
35.659814,139.749645
35.659365,139.749092
35.658467,139.749092
35.658467,139.748539
35.658467,139.747434
35.657569,139.746881
35.658018,139.746328
35.658018,139.745775
35.658916,139.745222
35.658467,139.745222
35.657569,139.745775
35.657119,139.745775
35.65667,139.745775
35.657119,139.745222
35.657569,139.745222
35.657569,139.74467
35.658018,139.74467
35.658018,139.744117
35.658916,139.74467
35.659365,139.744117
35.659365,139.743564
35.659365,139.743011
35.659814,139.743011
35.659814,139.742458
35.659365,139.742458
35.658916,139.742458
35.658916,139.741906
35.658467,139.741353
35.657569,139.7408
35.658916,139.741353
35.659365,139.741353
35.659814,139.741353
35.659365,139.7408
35.659814,139.740247
35.659814,139.7408
35.660713,139.741353
35.661162,139.741353
35.661162,139.741906
35.661162,139.742458
35.660713,139.742458
35.660264,139.741906
35.660264,139.742458
35.660713,139.743011
35.660713,139.743564
35.661611,139.743564
35.661611,139.744117
35.660264,139.74467
35.659814,139.74467
35.660264,139.745222
35.659814,139.745222
35.658916,139.746328
35.659365,139.746881
35.659365,139.747434
35.659814,139.747434
35.660264,139.746881
35.660713,139.747434
35.661162,139.747987
35.660713,139.748539
35.660264,139.749092
35.660264,139.749645
35.660264,139.750198
35.660713,139.750198
35.661162,139.749645
35.661162,139.749092
35.661162,139.748539
35.661611,139.74854
35.66206,139.74854
35.66206,139.749092
35.662509,139.749092
35.662959,139.749645
35.663408,139.749093
35.663857,139.749093
35.664306,139.749093
35.663857,139.74854
35.663408,139.74854
35.662959,139.74854
35.662509,139.74854
35.66206,139.747987
35.661611,139.747987
35.661611,139.747434
35.66206,139.747434
35.662509,139.747434
35.662959,139.747987
35.663408,139.747987
35.663857,139.747987
35.664306,139.747987
35.664755,139.747434
35.665204,139.747434
35.664755,139.746881
35.664755,139.746328
35.665204,139.746328
35.665204,139.745776
35.663857,139.745776
35.663408,139.745775
35.662959,139.745775
35.662959,139.746328
35.663857,139.746328
35.663857,139.746881
35.663857,139.747434
35.663408,139.747434
35.66206,139.746881
35.661162,139.746328
35.661162,139.745775
35.660713,139.745775
35.660713,139.745222
35.661162,139.745223
35.661611,139.74467
35.66206,139.74467
35.662509,139.745223
35.662959,139.74467
35.663408,139.74467
35.663408,139.745223
35.663857,139.745223
35.663857,139.744117
35.663408,139.744117
35.662959,139.744117
35.662509,139.744117
35.66206,139.744117
35.66206,139.743011
35.66206,139.742458
35.662509,139.743011
35.662959,139.743011
35.662509,139.742458
35.662509,139.741353
35.662959,139.741353
35.662959,139.7408
35.664306,139.741353
35.663857,139.741906
35.663408,139.742458
35.663857,139.743011
35.664306,139.743011
35.664755,139.742458
35.665204,139.742458
35.664755,139.743011
35.664306,139.743564
35.664755,139.744117
35.665204,139.743564
35.665653,139.743564
35.665653,139.744117
35.666103,139.74467
35.666103,139.743564
35.666552,139.743564
35.666552,139.743011
35.66745,139.743011
35.667899,139.743564
35.668348,139.743564
35.66745,139.744117
35.66745,139.74467
35.667899,139.74467
35.66745,139.745223
35.667899,139.745776
35.667899,139.746329
35.667899,139.746882
35.66745,139.746329
35.66745,139.745776
35.667001,139.745223
35.666552,139.745223
35.666103,139.745223
35.666103,139.745776
35.666552,139.745776
35.666103,139.746329
35.666103,139.746881
35.665653,139.746881
35.666103,139.747434
35.666103,139.747987
35.665204,139.747987
35.665204,139.74854
35.664755,139.74854
35.664755,139.749093
35.665204,139.749093
35.665653,139.749093
35.666103,139.749093
35.666103,139.749646
35.666552,139.749646
35.667001,139.749646
35.667001,139.749093
35.66745,139.74854
35.667001,139.74854
35.666552,139.74854
35.666552,139.747987
35.667001,139.747987
35.667001,139.747434
35.667899,139.747434
35.668348,139.747434
35.668798,139.746882
35.669247,139.747435
35.669696,139.747987
35.669247,139.747987
35.668798,139.747987
35.668348,139.747987
35.667899,139.747987
35.667899,139.74854
35.667899,139.749093
35.668348,139.749646
35.668798,139.749093
35.668798,139.74854
35.669247,139.74854
35.669696,139.74854
35.670145,139.74854
35.670594,139.74854
35.670594,139.747988
35.670594,139.747435
35.670145,139.747435
35.669696,139.747435
35.669696,139.746882
35.670145,139.746882
35.670594,139.746882
35.670145,139.746329
35.670594,139.746329
35.671043,139.745776
35.670594,139.745776
35.670145,139.745776
35.669696,139.745223
35.669247,139.745223
35.668798,139.745223
35.669247,139.74467
35.669247,139.744117
35.669696,139.74467
35.670145,139.74467
35.670594,139.74467
35.671493,139.745223
35.671493,139.745776
35.671493,139.746329
35.671942,139.746882
35.672391,139.747435
35.673289,139.747435
35.674187,139.746882
35.675086,139.748541
35.676433,139.747988
35.676882,139.748541
35.676882,139.749647
35.676882,139.750753
35.675984,139.751859
35.675984,139.752411
35.674637,139.752964
35.675086,139.751858
35.674637,139.751305
35.674187,139.751305
35.673738,139.751305
35.673738,139.750752
35.674187,139.750752
35.674637,139.750752
35.674637,139.7502
35.674187,139.749647
35.673289,139.749094
35.67284,139.749646
35.672391,139.749646
35.67284,139.750199
35.671942,139.751305
35.671942,139.750752
35.671493,139.749646
35.671942,139.749646
35.671942,139.749093
35.671493,139.747988
35.671043,139.74854
35.671043,139.749646
35.670594,139.749646
35.670594,139.749093
35.670145,139.749093
35.669696,139.749093
35.669247,139.749646
35.668798,139.750199
35.670145,139.750752
35.670145,139.751305
35.669247,139.751305
35.668798,139.75241
35.668348,139.75241
35.667899,139.75241
35.66745,139.75241
35.667001,139.75241
35.666552,139.751857
35.667001,139.751857
35.66745,139.751857
35.667899,139.751857
35.667899,139.751305
35.668348,139.751305
35.668348,139.750752
35.667899,139.750199
35.66745,139.750199
35.66745,139.750752
35.666552,139.750751
35.666552,139.750199
35.666103,139.750199
35.666103,139.750751
35.665653,139.751304
35.665653,139.751857
35.666103,139.751857
35.666103,139.75241
35.665653,139.75241
35.665204,139.75241
35.665204,139.752963
35.665653,139.753516
35.665204,139.754068
35.664755,139.754068
35.664755,139.753515
35.664306,139.753515
35.664306,139.752963
35.663857,139.752962
35.663408,139.75241
35.663857,139.751857
35.664306,139.751304
35.664755,139.751304
35.664755,139.750198
35.665204,139.750198
35.665204,139.749646
35.664306,139.750198
35.663857,139.750198
35.662959,139.750198
35.662959,139.750751
35.662959,139.751304
35.662509,139.751304
35.662509,139.751857
35.661611,139.751304
35.661162,139.751304
35.661611,139.750751
35.661162,139.750751
35.660713,139.750751
35.660264,139.750751
35.659814,139.750751
35.659814,139.751303
35.658916,139.752409
35.659365,139.752409
35.659814,139.752962
35.660264,139.752409
35.660713,139.752409
35.661162,139.752409
35.660264,139.752962
35.660713,139.753515
35.661162,139.752962
35.661611,139.752962
35.66206,139.753515
35.662509,139.753515
35.66206,139.754068
35.661611,139.754068
35.660713,139.75462
35.660264,139.75462
35.660264,139.754068
35.659814,139.754067
35.659814,139.753515
35.659365,139.753515
35.658916,139.754067
35.659365,139.75462
35.659814,139.75462
35.659814,139.755173
35.658916,139.755726
35.660713,139.755726
35.661162,139.755173
35.661611,139.755173
35.66206,139.755726
35.66206,139.756279
35.66206,139.756832
35.661611,139.756832
35.661162,139.756832
35.660713,139.756832
35.660264,139.756832
35.660264,139.757384
35.661162,139.757385
35.661162,139.757937
35.661611,139.757938
35.661611,139.757385
35.66206,139.757385
35.662959,139.756832
35.662959,139.757385
35.663408,139.757385
35.662959,139.758491
35.663408,139.758491
35.664306,139.757938
35.664755,139.757938
35.665204,139.757386
35.664755,139.757385
35.664755,139.756833
35.664306,139.756832
35.663857,139.756832
35.663408,139.756832
35.662959,139.756279
35.662509,139.755726
35.662959,139.755174
35.662959,139.754621
35.662509,139.754621
35.662509,139.754068
35.662959,139.754068
35.663857,139.753515
35.663857,139.754068
35.663857,139.754621
35.664306,139.754621
35.664755,139.754621
35.664755,139.755174
35.664755,139.755727
35.664306,139.755727
35.663857,139.755727
35.663408,139.755727
35.662959,139.755727
35.663857,139.75628
35.664306,139.75628
35.664755,139.75628
35.665204,139.75628
35.665653,139.75628
35.665653,139.756833
35.666552,139.756833
35.666552,139.75628
35.666103,139.75628
35.666103,139.755727
35.665653,139.755727
35.665653,139.755174
35.665653,139.754621
35.666103,139.754621
35.666552,139.754621
35.667001,139.754622
35.66745,139.754622
35.66745,139.755175
35.667001,139.755174
35.666552,139.755174
35.666103,139.755174
35.666552,139.755727
35.667001,139.755727
35.66745,139.755727
35.667001,139.75628
35.66745,139.75628
35.667899,139.75628
35.667899,139.756833
35.667899,139.757386
35.668348,139.757386
35.668798,139.757386
35.669247,139.757939
35.669696,139.757386
35.669696,139.756834
35.669247,139.756833
35.669696,139.756281
35.668798,139.755728
35.669247,139.755175
35.669696,139.754622
35.669247,139.754622
35.668798,139.754622
35.668348,139.754622
35.668348,139.754069
35.667899,139.754069
35.66745,139.754069
35.667001,139.754069
35.666552,139.754069
35.666103,139.754069
35.666552,139.753516
35.667001,139.753516
35.667899,139.752963
35.668348,139.752963
35.668348,139.753516
35.668798,139.753516
35.669247,139.753516
35.669247,139.75241
35.670145,139.752411
35.671043,139.753517
35.671493,139.753517
35.671942,139.753517
35.67284,139.753517
35.672391,139.752964
35.671942,139.752964
35.671493,139.752964
35.671493,139.752411
35.671043,139.752411
35.670594,139.751858
35.671043,139.751858
35.671493,139.751858
35.671942,139.751858
35.67284,139.751858
35.673289,139.752964
35.673738,139.752964
35.673289,139.753517
35.673738,139.753517
35.673738,139.75407
35.673289,139.75407
35.67284,139.75407
35.672391,139.75407
35.671942,139.75407
35.671493,139.754069
35.671043,139.754069
35.670594,139.754069
35.670145,139.754069
35.670145,139.754622
35.670594,139.754622
35.671043,139.754622
35.671493,139.754622
35.671942,139.754622
35.672391,139.754623
35.67284,139.754623
35.673289,139.754623
35.673289,139.755176
35.673738,139.755176
35.674187,139.755176
35.674187,139.754623
35.674637,139.754623
35.675086,139.754623
35.675086,139.755176
35.674637,139.755176
35.674187,139.755729
35.674637,139.756282
35.674187,139.756282
35.673738,139.755729
35.673289,139.755729
35.67284,139.755728
35.67284,139.755176
35.672391,139.755175
35.671942,139.755175
35.671493,139.755175
35.671043,139.755175
35.670594,139.755175
35.670145,139.755728
35.670145,139.756281
35.670594,139.756281
35.670594,139.756834
35.671493,139.756834
35.671493,139.755728
35.671942,139.755728
35.671942,139.756281
35.672391,139.756281
35.67284,139.756281
35.673289,139.756281
35.673738,139.756282
35.673289,139.756834
35.673738,139.756834
35.674187,139.756835
35.674637,139.756835
35.675086,139.756835
35.675086,139.756282
35.675535,139.756282
35.675535,139.755729
35.675984,139.755729
35.675984,139.755176
35.676433,139.755176
35.676882,139.755729
35.676882,139.756282
35.677332,139.756835
35.677781,139.756282
35.677332,139.755729
35.676882,139.754623
35.676882,139.75407
35.676433,139.75407
35.676882,139.752965
35.677332,139.751859
35.677332,139.752412
35.677332,139.752965
35.677781,139.753518
35.677781,139.754071
35.678679,139.756835
35.677781,139.757941
35.677332,139.757941
35.677781,139.758494
35.678679,139.7596
35.677781,139.759047
35.676882,139.758494
35.676433,139.757941
35.675086,139.759046
35.674637,139.758493
35.674637,139.75794
35.674637,139.757388
35.674187,139.757387
35.673738,139.757387
35.673738,139.75794
35.674187,139.759046
35.675086,139.759599
35.674637,139.760152
35.674187,139.759599
35.673738,139.759599
35.674187,139.760152
35.673738,139.760152
35.673289,139.759599
35.67284,139.759599
35.672391,139.759599
35.671942,139.759599
35.671942,139.759046
35.671942,139.758493
35.672391,139.758493
35.672391,139.75794
35.67284,139.75794
35.673289,139.757387
35.67284,139.756834
35.672391,139.756834
35.671942,139.756834
35.671942,139.757387
35.671493,139.75794
35.671043,139.758493
35.671043,139.759045
35.670594,139.759598
35.670594,139.760151
35.671043,139.760151
35.671493,139.760151
35.671942,139.760151
35.671043,139.760704
35.670594,139.760704
35.670145,139.760704
35.669696,139.759045
35.669247,139.759045
35.669247,139.758492
35.668798,139.758492
35.668348,139.758492
35.66745,139.759045
35.667001,139.759045
35.667001,139.758492
35.66745,139.757939
35.666552,139.757939
35.666103,139.757386
35.665653,139.757938
35.665653,139.758491
35.666552,139.759044
35.666552,139.759597
35.667001,139.759597
35.667001,139.76015
35.66745,139.76015
35.66745,139.760703
35.667899,139.760703
35.668348,139.760703
35.668348,139.760151
35.668798,139.760151
35.669247,139.760151
35.670145,139.761257
35.670594,139.761257
35.671043,139.761257
35.671493,139.761257
35.671942,139.76181
35.671942,139.762363
35.672391,139.762363
35.672391,139.76181
35.67284,139.76181
35.67284,139.761257
35.672391,139.760704
35.673289,139.760152
35.673289,139.760705
35.673738,139.760705
35.673738,139.761258
35.674187,139.761258
35.674187,139.761811
35.673738,139.762364
35.673289,139.762916
35.67284,139.763469
35.67284,139.764022
35.672391,139.764022
35.671942,139.764022
35.671493,139.764022
35.671043,139.764021
35.671493,139.764575
35.671942,139.764575
35.672391,139.764575
35.67284,139.764575
35.673289,139.764575
35.673289,139.765128
35.674187,139.765128
35.674637,139.765128
35.674187,139.765681
35.673738,139.765681
35.67284,139.765128
35.672391,139.765128
35.67284,139.765681
35.672391,139.766233
35.671942,139.766233
35.671942,139.76568
35.671493,139.765127
35.671043,139.765127
35.671043,139.76568
35.671043,139.766233
35.671043,139.766786
35.671493,139.766786
35.671043,139.767339
35.670594,139.767339
35.671043,139.767892
35.670594,139.767892
35.670594,139.768444
35.671043,139.768445
35.671493,139.768445
35.671942,139.768445
35.671942,139.769551
35.671493,139.769551
35.671493,139.770103
35.671043,139.770103
35.671043,139.770656
35.671493,139.770656
35.671942,139.770657
35.671493,139.771209
35.671942,139.771762
35.672391,139.77121
35.67284,139.77121
35.673289,139.77121
35.673738,139.770104
35.67284,139.770657
35.672391,139.770657
35.672391,139.769551
35.67284,139.769551
35.67284,139.768998
35.672391,139.768445
35.671493,139.767892
35.671942,139.767339
35.672391,139.767339
35.67284,139.767339
35.67284,139.766787
35.67284,139.766234
35.673289,139.766234
35.673289,139.766787
35.673738,139.766787
35.674187,139.766787
35.673738,139.76734
35.674187,139.76734
35.674637,139.76734
35.675086,139.76734
35.675535,139.76734
35.675535,139.766787
35.675086,139.766787
35.674637,139.766234
35.675086,139.765681
35.676882,139.765129
35.676882,139.764576
35.676433,139.764576
35.676433,139.764023
35.676882,139.764023
35.676882,139.76347
35.676433,139.76347
35.675984,139.76347
35.675535,139.76347
35.674637,139.764023
35.674637,139.76347
35.674187,139.763469
35.673738,139.763469
35.673738,139.762916
35.674187,139.762917
35.674637,139.762364
35.675086,139.762364
35.675086,139.762917
35.675535,139.762917
35.675984,139.762917
35.676433,139.762917
35.676433,139.762364
35.676882,139.762364
35.677781,139.762365
35.677781,139.761812
35.677332,139.761812
35.675984,139.761811
35.675984,139.760705
35.675535,139.760705
35.675535,139.760152
35.675984,139.760152
35.676433,139.760153
35.676882,139.760153
35.677332,139.760153
35.677781,139.760153
35.67823,139.760153
35.67823,139.760706
35.67823,139.761259
35.67823,139.761812
35.678679,139.762365
35.67823,139.762365
35.67823,139.762918
35.677781,139.762918
35.677781,139.763471
35.67823,139.764024
35.677781,139.764023
35.677332,139.764023
35.677332,139.764576
35.677781,139.764576
35.67823,139.764577
35.678679,139.764577
35.678679,139.76513
35.678679,139.766788
35.679128,139.767342
35.678679,139.767341
35.677781,139.767341
35.677332,139.767894
35.677332,139.766235
35.676882,139.766235
35.676433,139.766788
35.676433,139.767341
35.676433,139.767894
35.675984,139.767893
35.675984,139.768446
35.676433,139.768447
35.676882,139.769
35.677781,139.769553
35.67823,139.769
35.679128,139.769553
35.678679,139.770106
35.678679,139.770659
35.679128,139.770659
35.679128,139.771212
35.67823,139.771212
35.677332,139.771764
35.676882,139.771764
35.676433,139.771764
35.676433,139.772317
35.676433,139.77287
35.675984,139.773423
35.676433,139.773423
35.676882,139.773423
35.677781,139.772871
35.67823,139.772871
35.677332,139.773976
35.677781,139.774529
35.678679,139.77453
35.679128,139.77453
35.678679,139.776189
35.67823,139.776188
35.677781,139.776188
35.67823,139.776741
35.678679,139.777294
35.679128,139.776742
35.679128,139.777295
35.67823,139.777847
35.677781,139.777847
35.677332,139.777294
35.676882,139.777294
35.676882,139.777847
35.677332,139.778953
35.677332,139.779506
35.67823,139.778953
35.678679,139.7784
35.679128,139.778954
35.679128,139.779506
35.678679,139.780059
35.678679,139.780612
35.67823,139.780612
35.678679,139.781165
35.679128,139.781165
35.678679,139.781718
35.678679,139.782271
35.678679,139.782824
35.679128,139.782824
35.679577,139.782271
35.679577,139.782824
35.679128,139.783377
35.679577,139.784483
35.679128,139.785589
35.677781,139.785588
35.676433,139.78614
35.675984,139.785587
35.675086,139.785587
35.674187,139.785586
35.673738,139.785033
35.674187,139.78448
35.673738,139.78448
35.673289,139.78448
35.673289,139.783927
35.673738,139.783927
35.674187,139.783374
35.674187,139.782822
35.674637,139.782822
35.675086,139.782822
35.675984,139.782822
35.675984,139.783375
35.675535,139.783928
35.675984,139.784481
35.677332,139.783929
35.67823,139.784483
35.678679,139.783377
35.677781,139.782271
35.677332,139.78227
35.676882,139.781717
35.676433,139.781717
35.675984,139.781717
35.675984,139.780611
35.675086,139.778952
35.675984,139.778952
35.675984,139.778399
35.675535,139.778399
35.675086,139.778399
35.674637,139.777293
35.675535,139.777293
35.676882,139.776741
35.677332,139.776741
35.675984,139.774529
35.675535,139.773975
35.674637,139.772869
35.675535,139.771764
35.675535,139.771211
35.675535,139.770658
35.675984,139.770658
35.676433,139.770658
35.676882,139.771211
35.677332,139.770659
35.677781,139.770659
35.67823,139.770659
35.677781,139.770106
35.677332,139.770106
35.676882,139.770105
35.676433,139.770105
35.675984,139.770105
35.675984,139.769552
35.675535,139.768999
35.675086,139.768999
35.674637,139.768999
35.674637,139.768446
35.675086,139.768446
35.675086,139.767893
35.674637,139.767893
35.674187,139.767893
35.673738,139.767893
35.673289,139.767893
35.673289,139.768445
35.673738,139.768446
35.673738,139.768998
35.673738,139.769551
35.674187,139.769552
35.674637,139.769552
35.675086,139.769552
35.675086,139.770105
35.674637,139.770105
35.674187,139.770657
35.675086,139.770658
35.674637,139.77121
35.674637,139.772316
35.674187,139.772316
35.673289,139.772316
35.672391,139.772315
35.671942,139.772315
35.671942,139.772868
35.67284,139.773421
35.673289,139.773422
35.673289,139.773975
35.673738,139.774528
35.674187,139.774528
35.674187,139.775081
35.674637,139.775081
35.675086,139.775634
35.674187,139.776187
35.673738,139.776186
35.673289,139.776186
35.673289,139.777292
35.673289,139.777845
35.673738,139.778398
35.674187,139.778951
35.673289,139.778951
35.67284,139.77895
35.67284,139.779503
35.673289,139.779504
35.673738,139.779504
35.674187,139.780057
35.674187,139.781163
35.675535,139.781716
35.675086,139.781716
35.673289,139.782268
35.673289,139.783374
35.67284,139.783374
35.672391,139.783373
35.672391,139.783926
35.671493,139.783926
35.670594,139.784478
35.669696,139.784478
35.669696,139.783925
35.668348,139.783924
35.667899,139.783371
35.667899,139.782818
35.668348,139.782266
35.668798,139.782266
35.668798,139.781713
35.667899,139.781712
35.667001,139.781159
35.66745,139.781712
35.66745,139.782265
35.66745,139.782818
35.667001,139.782818
35.666552,139.782817
35.666552,139.782265
35.666103,139.782264
35.665653,139.782264
35.665653,139.781711
35.666552,139.781712
35.666552,139.781159
35.666103,139.781159
35.665204,139.780605
35.664755,139.781158
35.664306,139.780605
35.664306,139.780052
35.664306,139.779499
35.666103,139.778394
35.667001,139.778395
35.667001,139.778948
35.667899,139.779501
35.668348,139.779501
35.668348,139.778948
35.668798,139.778396
35.668348,139.778395
35.667899,139.777842
35.66745,139.777842
35.667001,139.777842
35.666552,139.777842
35.666552,139.777289
35.666103,139.777289
35.665653,139.777288
35.665204,139.777841
35.664755,139.777288
35.665204,139.777288
35.665204,139.776735
35.665653,139.776736
35.665653,139.776183
35.665204,139.776183
35.664755,139.776182
35.663857,139.775629
35.662959,139.77784
35.662509,139.77784
35.66206,139.776734
35.661162,139.776734
35.660713,139.776733
35.660264,139.776733
35.659814,139.776733
35.659365,139.777286
35.659814,139.777286
35.660713,139.777839
35.662509,139.778393
35.662509,139.778946
35.663408,139.778946
35.662959,139.779499
35.662509,139.780051
35.66206,139.780051
35.66206,139.780604
35.662509,139.780604
35.662959,139.780604
35.663408,139.781157
35.663857,139.78171
35.663857,139.782263
35.664306,139.782263
35.664755,139.782817
35.664306,139.782816
35.663408,139.782816
35.662959,139.782816
35.662959,139.783368
35.662959,139.783921
35.662509,139.783921
35.661611,139.784473
35.662509,139.785027
35.662959,139.785027
35.663408,139.78558
35.664306,139.785028
35.664306,139.784475
35.664755,139.783922
35.665204,139.783922
35.665653,139.782817
35.666103,139.78337
35.666552,139.78337
35.666103,139.783923
35.665653,139.784476
35.665204,139.785028
35.665204,139.785581
35.667001,139.785582
35.66745,139.785029
35.66745,139.784477
35.667899,139.78503
35.668348,139.78503
35.668798,139.78503
35.667899,139.785583
35.667899,139.786135
35.669247,139.786136
35.669696,139.786136
35.670145,139.785584
35.670594,139.785584
35.671043,139.785584
35.672391,139.787797
35.671942,139.787796
35.670145,139.788348
35.669696,139.788348
35.669247,139.788901
35.668798,139.7889
35.668798,139.788347
35.667899,139.7889
35.668348,139.789453
35.66745,139.790005
35.667001,139.790005
35.666552,139.790005
35.66745,139.7889
35.667001,139.788346
35.666103,139.786687
35.666103,139.786134
35.665653,139.78724
35.665204,139.78724
35.664755,139.787239
35.664306,139.786686
35.663408,139.786686
35.662509,139.786132
35.659814,139.787236
35.658916,139.785577
35.658018,139.785577
35.658467,139.785024
35.659814,139.784472
35.660713,139.78392
35.660264,139.783367
35.659814,139.782814
35.660713,139.782262
35.661162,139.782262
35.661611,139.782262
35.662509,139.78171
35.66206,139.781709
35.661611,139.781709
35.661611,139.781156
35.661611,139.780051
35.661611,139.778945
35.661162,139.778945
35.659814,139.778944
35.659365,139.78005
35.659365,139.781155
35.658916,139.781708
35.657569,139.781154
35.657569,139.781707
35.658018,139.781707
35.658018,139.78226
35.658018,139.782813
35.658018,139.783366
35.658018,139.783919
35.658018,139.784471
35.657569,139.783918
35.65667,139.783918
35.654874,139.783364
35.654425,139.783364
35.653975,139.782811
35.653975,139.782258
35.655323,139.781153
35.656221,139.782259
35.65667,139.782812
35.657119,139.78226
35.65667,139.782259
35.65667,139.781707
35.65667,139.781154
35.657119,139.781154
35.657119,139.780601
35.655772,139.780048
35.655772,139.779495
35.655323,139.778942
35.654874,139.778942
35.654874,139.779495
35.654425,139.780047
35.653975,139.779494
35.654874,139.777836
35.655323,139.777836
35.655772,139.778389
35.656221,139.778942
35.656221,139.779495
35.65667,139.780048
35.658467,139.778944
35.658916,139.778391
35.658916,139.776733
35.659814,139.77618
35.660713,139.775628
35.660264,139.775628
35.659814,139.775627
35.659365,139.77618
35.658916,139.77618
35.658467,139.77618
35.657569,139.775626
35.658018,139.775627
35.658467,139.775627
35.658916,139.775627
35.659365,139.774521
35.658916,139.774521
35.658018,139.774521
35.657119,139.774521
35.656221,139.77452
35.65667,139.773968
35.657119,139.773968
35.657119,139.773415
35.658467,139.771757
35.658916,139.772863
35.659365,139.772863
35.659814,139.773969
35.660264,139.773969
35.660264,139.774522
35.660713,139.775075
35.661162,139.775075
35.661162,139.774522
35.66206,139.77397
35.662509,139.773417
35.662959,139.773417
35.662959,139.772865
35.662959,139.771206
35.662959,139.770653
35.663408,139.770653
35.663408,139.7701
35.663857,139.770101
35.664306,139.770101
35.664755,139.769548
35.665204,139.768995
35.665653,139.768443
35.666103,139.76789
35.666103,139.767337
35.666552,139.767337
35.667001,139.767337
35.667001,139.766785
35.666552,139.766784
35.666552,139.766232
35.667001,139.766232
35.66745,139.766232
35.668798,139.766785
35.668798,139.767338
35.668348,139.767338
35.668348,139.768444
35.668348,139.768997
35.667899,139.768444
35.66745,139.768443
35.667899,139.767891
35.66745,139.767891
35.667001,139.76789
35.666552,139.768443
35.666552,139.768996
35.667001,139.768996
35.666552,139.769549
35.666103,139.769549
35.665653,139.769548
35.665653,139.770101
35.665204,139.770101
35.664755,139.770101
35.664755,139.770654
35.665204,139.770654
35.665653,139.770654
35.666103,139.770654
35.666552,139.770655
35.667001,139.771208
35.666552,139.771207
35.666103,139.771207
35.665653,139.771207
35.666103,139.77176
35.665653,139.77176
35.664755,139.77176
35.664306,139.771759
35.664755,139.771207
35.664306,139.771207
35.663857,139.771759
35.664306,139.772312
35.664306,139.772865
35.663857,139.773418
35.663408,139.773418
35.663408,139.77397
35.663408,139.774523
35.663857,139.774523
35.664306,139.773971
35.665653,139.774524
35.666103,139.774524
35.666103,139.775077
35.666103,139.77563
35.666552,139.77563
35.666552,139.776183
35.666103,139.776183
35.666552,139.776736
35.66745,139.776736
35.668798,139.776737
35.668348,139.776184
35.667899,139.776184
35.66745,139.775631
35.667001,139.77563
35.667001,139.775078
35.667001,139.774525
35.667899,139.774525
35.667899,139.775078
35.669247,139.775079
35.669696,139.774526
35.669247,139.773973
35.669247,139.772867
35.669696,139.772867
35.670594,139.773973
35.671043,139.776185
35.670594,139.777291
35.670145,139.777291
35.670145,139.779502
35.669696,139.780055
35.669247,139.780055
35.669696,139.780608
35.670145,139.780055
35.670594,139.780608
35.671493,139.780609
35.671942,139.781715
35.671493,139.782267
35.671493,139.783373
35.671942,139.783373
35.671942,139.78282
35.67284,139.781715
35.67284,139.781162
35.672391,139.780609
35.671942,139.780056
35.671942,139.779503
35.671493,139.779503
35.671493,139.77895
35.671043,139.778397
35.671043,139.777844
35.671493,139.777291
35.671942,139.776738
35.67284,139.77508
35.67284,139.774527
35.672391,139.774527
35.671942,139.774527
35.671493,139.773974
35.671493,139.773421
35.671043,139.772868
35.670594,139.772868
35.670594,139.772315
35.670594,139.771762
35.671043,139.771762
35.671043,139.771209
35.670145,139.771209
35.670145,139.771762
35.669696,139.771761
35.669696,139.772314
35.669247,139.772314
35.668798,139.772314
35.668798,139.771761
35.668348,139.772314
35.668348,139.772867
35.667899,139.772867
35.667899,139.773419
35.667899,139.773972
35.66745,139.773972
35.667001,139.773972
35.666552,139.773972
35.666552,139.773419
35.667001,139.772866
35.666552,139.772313
35.666552,139.77176
35.667001,139.77176
35.66745,139.771761
35.66745,139.771208
35.667899,139.771208
35.667899,139.770655
35.668348,139.770655
35.668348,139.770102
35.667899,139.770102
35.66745,139.770102
35.667001,139.770102
35.66745,139.769549
35.667899,139.769549
35.668348,139.769549
35.668798,139.76955
35.669247,139.770103
35.669247,139.770656
35.669696,139.770656
35.670145,139.770656
35.670594,139.770656
35.670145,139.770103
35.669696,139.770103
35.670594,139.76955
35.671493,139.768998
35.671043,139.768998
35.670594,139.768997
35.670145,139.768997
35.669696,139.768997
35.669247,139.768997
35.669247,139.768444
35.669696,139.768444
35.669696,139.767891
35.669247,139.767891
35.668798,139.767891
35.669247,139.767338
35.669696,139.767338
35.669696,139.766786
35.670145,139.766786
35.670594,139.766786
35.670594,139.76568
35.670145,139.766233
35.669696,139.766233
35.669696,139.76568
35.669696,139.765127
35.670145,139.765127
35.670594,139.765127
35.671043,139.764574
35.670594,139.764574
35.670145,139.764574
35.670145,139.764021
35.670594,139.764021
35.670145,139.763468
35.670594,139.763468
35.671043,139.763469
35.671493,139.763469
35.671942,139.763469
35.672391,139.763469
35.672391,139.762916
35.671942,139.762916
35.671493,139.762916
35.671043,139.762916
35.670594,139.762916
35.670145,139.762915
35.669696,139.762915
35.669696,139.763468
35.669247,139.764021
35.669247,139.764574
35.668798,139.764574
35.668798,139.765127
35.668798,139.765679
35.668348,139.765679
35.667899,139.765126
35.668348,139.764574
35.668348,139.764021
35.668798,139.764021
35.669247,139.763468
35.669247,139.762915
35.668798,139.762915
35.668348,139.762915
35.667899,139.762915
35.66745,139.762915
35.66745,139.762362
35.667001,139.762362
35.666552,139.762362
35.666552,139.761809
35.667001,139.761809
35.66745,139.761809
35.667899,139.761809
35.668348,139.761809
35.668798,139.761809
35.668798,139.762362
35.669247,139.762362
35.669696,139.762362
35.670145,139.762363
35.670594,139.762363
35.671043,139.762363
35.671493,139.762363
35.671043,139.76181
35.670594,139.76181
35.670145,139.76181
35.669696,139.76181
35.669247,139.761809
35.669247,139.761257
35.668798,139.761256
35.668348,139.761256
35.667899,139.761256
35.66745,139.761256
35.667001,139.761256
35.667001,139.760703
35.666552,139.760703
35.665653,139.759597
35.665204,139.759044
35.664755,139.759044
35.664306,139.759044
35.664306,139.759597
35.664755,139.759597
35.664755,139.76015
35.664306,139.76015
35.664306,139.760702
35.664755,139.760703
35.665204,139.760703
35.665653,139.760703
35.665653,139.761256
35.665204,139.761255
35.664755,139.761255
35.664306,139.761255
35.663408,139.760702
35.663857,139.760149
35.663857,139.759597
35.663408,139.759597
35.663408,139.759044
35.662959,139.759044
35.662959,139.759596
35.662509,139.759596
35.662509,139.760149
35.662509,139.760702
35.66206,139.760702
35.662509,139.761255
35.662959,139.761255
35.662959,139.761808
35.663857,139.761255
35.664306,139.761808
35.664755,139.761808
35.665204,139.761808
35.666552,139.762914
35.666552,139.763467
35.666103,139.763467
35.665653,139.762914
35.665204,139.762914
35.664306,139.762914
35.662959,139.762913
35.662509,139.762913
35.661611,139.76236
35.661611,139.762913
35.661162,139.762913
35.661162,139.76236
35.660713,139.76236
35.660713,139.761807
35.661162,139.761254
35.661611,139.760149
35.66206,139.759596
35.661611,139.759043
35.661162,139.759043
35.660713,139.75849
35.659365,139.75849
35.658916,139.75849
35.658467,139.75849
35.658018,139.757384
35.658018,139.756831
35.658467,139.756831
35.658467,139.756278
35.658018,139.756278
35.657569,139.755726
35.657119,139.755173
35.65667,139.755725
35.657119,139.755725
35.657119,139.756278
35.65667,139.756278
35.656221,139.756278
35.655772,139.756278
35.655772,139.756831
35.655323,139.756831
35.654874,139.757383
35.654425,139.757383
35.654874,139.756831
35.654874,139.756278
35.654425,139.756278
35.654874,139.755725
35.655323,139.755725
35.655772,139.755172
35.656221,139.755172
35.656221,139.75462
35.655772,139.75462
35.655772,139.754067
35.655323,139.754067
35.654425,139.752961
35.654425,139.753514
35.654425,139.754067
35.653975,139.754619
35.653975,139.755172
35.653526,139.754619
35.653077,139.754619
35.653077,139.755172
35.653526,139.755725
35.653526,139.756278
35.653975,139.75683
35.653526,139.757936
35.652628,139.757383
35.652628,139.75683
35.653077,139.75683
35.653526,139.75683
35.653077,139.755725
35.652628,139.755725
35.652179,139.755724
35.652179,139.755172
35.652628,139.755172
35.652179,139.754619
35.652179,139.754066
35.652628,139.754066
35.653077,139.754066
35.653077,139.753514
35.653077,139.752961
35.652179,139.753513
35.65173,139.753513
35.65128,139.753513
35.65128,139.752961
35.65173,139.752961
35.652179,139.752961
35.652628,139.752961
35.652628,139.752408
35.652179,139.752408
35.65128,139.752408
35.650831,139.751855
35.649933,139.751302
35.649035,139.751302
35.648585,139.750749
35.648136,139.750196
35.648585,139.750196
35.649035,139.750196
35.649484,139.749644
35.649933,139.750749
35.650831,139.750749
35.65128,139.75075
35.65128,139.750197
35.65173,139.750197
35.652179,139.749644
35.653077,139.749091
35.652628,139.749091
35.652179,139.748539
35.652179,139.749091
35.65173,139.749091
35.65128,139.749091
35.650831,139.749091
35.650382,139.749091
35.649933,139.749091
35.649484,139.747986
35.649035,139.747986
35.648136,139.747433
35.647687,139.747985
35.647238,139.747985
35.646789,139.747985
35.646789,139.748538
35.647238,139.748538
35.647687,139.748538
35.648136,139.748538
35.648585,139.748538
35.648585,139.749091
35.648136,139.749091
35.647238,139.749091
35.646789,139.749643
35.646789,139.750196
35.64634,139.750749
35.645891,139.750196
35.645891,139.750749
35.645891,139.751854
35.646789,139.751854
35.647238,139.752407
35.649484,139.751855
35.649933,139.751855
35.649484,139.752408
35.649484,139.75296
35.649484,139.753513
35.649933,139.753513
35.650382,139.753513
35.650382,139.754066
35.650831,139.754066
35.65128,139.754619
35.650831,139.754619
35.650382,139.754619
35.649933,139.754066
35.649484,139.754066
35.650382,139.755724
35.650382,139.756277
35.650831,139.756277
35.650831,139.75683
35.650382,139.757382
35.650831,139.757935
35.65128,139.757383
35.65128,139.757935
35.65173,139.757935
35.652179,139.757936
35.652628,139.758488
35.652628,139.759041
35.653077,139.759594
35.653526,139.759041
35.653975,139.759041
35.654425,139.759042
35.654874,139.759042
35.654874,139.759594
35.655323,139.759595
35.655772,139.759595
35.656221,139.759042
35.656221,139.758489
35.655772,139.758489
35.655323,139.758489
35.654874,139.758489
35.654425,139.758489
35.653975,139.758489
35.654425,139.757936
35.654874,139.757936
35.655323,139.757936
35.655323,139.757383
35.655772,139.757384
35.655772,139.757936
35.656221,139.757936
35.65667,139.757937
35.658018,139.759595
35.658467,139.760148
35.658916,139.760701
35.658467,139.761254
35.659365,139.761254
35.659814,139.761807
35.659814,139.760701
35.659365,139.760701
35.659365,139.760148
35.659814,139.760148
35.660264,139.759043
35.660264,139.760149
35.660713,139.761254
35.660264,139.761807
35.659814,139.76236
35.660264,139.76236
35.660264,139.762913
35.660264,139.763465
35.661611,139.763466
35.66206,139.763466
35.662509,139.764019
35.663857,139.764019
35.663857,139.764572
35.665204,139.765125
35.665653,139.764573
35.665653,139.76402
35.666103,139.76402
35.666103,139.764573
35.666552,139.764573
35.666552,139.765126
35.666103,139.765126
35.665653,139.765678
35.665204,139.765678
35.664755,139.765678
35.664755,139.766231
35.665204,139.76789
35.664755,139.768442
35.664306,139.768995
35.664306,139.769548
35.663408,139.769548
35.663857,139.767336
35.663857,139.766784
35.664306,139.766231
35.663857,139.766231
35.662959,139.76623
35.662509,139.765677
35.66206,139.76623
35.660713,139.765124
35.660713,139.764018
35.659365,139.766229
35.659365,139.766782
35.658916,139.766229
35.658467,139.765676
35.658467,139.765123
35.658018,139.76457
35.658467,139.764571
35.658916,139.764571
35.658916,139.764018
35.658916,139.763465
35.658467,139.763465
35.658467,139.762912
35.658467,139.762359
35.658916,139.762359
35.658916,139.761807
35.658467,139.761807
35.658018,139.761806
35.657569,139.761806
35.657119,139.762359
35.657119,139.761806
35.657569,139.761254
35.65667,139.7607
35.655772,139.761253
35.655323,139.762911
35.655772,139.763464
35.655323,139.763464
35.654425,139.763464
35.654425,139.762911
35.653975,139.762911
35.653975,139.762358
35.654425,139.762358
35.654425,139.761805
35.654874,139.761253
35.654874,139.7607
35.654874,139.760147
35.653526,139.761252
35.653526,139.761805
35.653077,139.762358
35.652179,139.762358
35.652179,139.761805
35.652179,139.761252
35.65173,139.761252
35.652179,139.760699
35.652628,139.760147
35.652179,139.759594
35.65173,139.759041
35.65128,139.759594
35.65128,139.759041
35.650831,139.759041
35.650382,139.759593
35.649933,139.759593
35.649484,139.759593
35.649484,139.758488
35.649484,139.757935
35.649035,139.758488
35.648585,139.757935
35.648585,139.757382
35.649484,139.756829
35.649484,139.755724
35.649035,139.755724
35.648585,139.755171
35.648136,139.755724
35.648585,139.755724
35.648585,139.756277
35.648136,139.756276
35.646789,139.756829
35.645441,139.757381
35.645441,139.755723
35.645891,139.756276
35.64634,139.756276
35.646789,139.755171
35.647687,139.753513
35.647238,139.753513
35.646789,139.75296
35.646789,139.753513
35.644992,139.754618
35.644094,139.754065
35.644992,139.753512
35.645441,139.753512
35.645441,139.75296
35.645891,139.75296
35.645441,139.752407
35.644992,139.752407
35.644992,139.751854
35.644543,139.751854
35.644094,139.751301
35.644094,139.750749
35.644543,139.750749
35.644992,139.750749
35.644543,139.750196
35.64634,139.749091
35.644094,139.74909
35.643645,139.747985
35.643196,139.748538
35.643645,139.74909
35.643196,139.749643
35.643196,139.750196
35.642297,139.751301
35.642297,139.751854
35.641848,139.751854
35.64095,139.751854
35.640501,139.751301
35.639602,139.750748
35.639602,139.751301
35.640051,139.752406
35.64095,139.752959
35.642746,139.753512
35.641848,139.754617
35.641399,139.754617
35.64095,139.754064
35.640501,139.754064
35.64095,139.754617
35.641399,139.75517
35.643196,139.756828
35.641399,139.756828
35.639153,139.756275
35.637806,139.75738
35.638704,139.755722
35.639153,139.754064
35.639602,139.753511
35.640051,139.752959
35.638255,139.752406
