51.493055,-0.12221
51.493953,-0.122209
51.494402,-0.122209
51.494402,-0.121488
51.493953,-0.121488
51.493953,-0.120767
51.493055,-0.120767
51.493504,-0.120046
51.493055,-0.120046
51.493055,-0.119324
51.493055,-0.118603
51.493504,-0.118603
51.493055,-0.117882
51.493055,-0.11716
51.493953,-0.117881
51.494402,-0.117881
51.494852,-0.117159
51.494402,-0.116438
51.495301,-0.114994
51.496199,-0.115715
51.496648,-0.114993
51.497546,-0.115714
51.497996,-0.115713
51.498894,-0.114991
51.498894,-0.114269
51.499343,-0.11499
51.499792,-0.11499
51.500691,-0.114989
51.500241,-0.114268
51.499792,-0.114269
51.500241,-0.113547
51.500691,-0.113546
51.500691,-0.112825
51.50114,-0.111381
51.501589,-0.111381
51.502038,-0.11138
51.502038,-0.112102
51.502038,-0.112823
51.502487,-0.113545
51.502936,-0.113544
51.503386,-0.113544
51.502936,-0.114266
51.503386,-0.114265
51.503835,-0.114265
51.504284,-0.114265
51.504733,-0.114264
51.505182,-0.114264
51.505631,-0.114263
51.505631,-0.114985
51.50608,-0.114985
51.50653,-0.115706
51.506979,-0.115705
51.507428,-0.114262
51.506979,-0.114262
51.50653,-0.114262
51.50653,-0.113541
51.504284,-0.113543
51.503835,-0.112822
51.503386,-0.112101
51.502936,-0.112101
51.502936,-0.111379
51.502487,-0.110658
51.502038,-0.110659
51.501589,-0.110659
51.50114,-0.11066
51.500691,-0.11066
51.500691,-0.109939
51.50114,-0.109938
51.501589,-0.109938
51.500691,-0.109217
51.501589,-0.108495
51.50114,-0.108495
51.500691,-0.107774
51.501589,-0.107773
51.502038,-0.107773
51.502487,-0.107772
51.502936,-0.107772
51.502936,-0.10705
51.503386,-0.106328
51.503386,-0.105606
51.503386,-0.104885
51.502936,-0.104885
51.502487,-0.104164
51.502487,-0.103443
51.502936,-0.103442
51.503386,-0.103442
51.503835,-0.103441
51.504284,-0.103441
51.504733,-0.10344
51.504284,-0.102719
51.503386,-0.10272
51.502936,-0.102721
51.502936,-0.101999
51.502487,-0.102
51.502038,-0.102
51.501589,-0.102722
51.501589,-0.103444
51.502038,-0.104886
51.501589,-0.104887
51.500691,-0.104888
51.500241,-0.104167
51.499792,-0.102724
51.500691,-0.102002
51.500241,-0.101281
51.500241,-0.100559
51.500241,-0.099838
51.501589,-0.100557
51.502038,-0.100557
51.502936,-0.099834
51.502487,-0.099113
51.502038,-0.098392
51.501589,-0.098393
51.50114,-0.098393
51.500691,-0.098394
51.500241,-0.099116
51.500241,-0.098394
51.499792,-0.097674
51.500241,-0.097673
51.500691,-0.097672
51.50114,-0.097672
51.501589,-0.097671
51.502038,-0.097671
51.502487,-0.09767
51.502487,-0.096949
51.502487,-0.096227
51.501589,-0.096228
51.50114,-0.096229
51.499792,-0.09623
51.499792,-0.095509
51.500241,-0.095508
51.500691,-0.095508
51.500241,-0.094787
51.500691,-0.094786
51.50114,-0.094786
51.502038,-0.094784
51.502936,-0.095505
51.503386,-0.095504
51.503386,-0.096226
51.503386,-0.096947
51.503835,-0.096947
51.504284,-0.096946
51.504284,-0.096225
51.504284,-0.095503
51.504284,-0.094782
51.503835,-0.094782
51.503386,-0.094783
51.502936,-0.094783
51.502487,-0.094784
51.501589,-0.094064
51.50114,-0.094064
51.500691,-0.094065
51.500691,-0.093343
51.499792,-0.093344
51.500241,-0.092622
51.499792,-0.091901
51.499792,-0.089015
51.500691,-0.088292
51.50114,-0.088292
51.501589,-0.088291
51.501589,-0.08757
51.50114,-0.086849
51.500691,-0.086128
51.500241,-0.085407
51.499792,-0.085408
51.499792,-0.084686
51.500691,-0.084685
51.500691,-0.083963
51.50114,-0.083241
51.501589,-0.08324
51.501589,-0.084683
51.502038,-0.084683
51.502487,-0.084682
51.502487,-0.085404
51.501589,-0.085405
51.501589,-0.086126
51.502038,-0.086126
51.502487,-0.086125
51.502936,-0.086124
51.503386,-0.086845
51.503835,-0.086123
51.504284,-0.086844
51.504284,-0.087566
51.504284,-0.088287
51.503835,-0.088288
51.503386,-0.088288
51.502936,-0.088289
51.503386,-0.08901
51.502936,-0.089732
51.502487,-0.089733
51.502038,-0.089012
51.501589,-0.089013
51.500691,-0.089014
51.500691,-0.089735
51.500691,-0.090457
51.500691,-0.091179
51.50114,-0.092621
51.50114,-0.093343
51.501589,-0.093342
51.502038,-0.093341
51.502487,-0.093341
51.502936,-0.09334
51.502487,-0.092619
51.502038,-0.09262
51.502487,-0.091898
51.502487,-0.091176
51.503386,-0.091175
51.503386,-0.091896
51.503835,-0.091896
51.504284,-0.091895
51.505182,-0.091894
51.505631,-0.091893
51.505631,-0.092615
51.505182,-0.092615
51.504733,-0.093338
51.504284,-0.093338
51.503835,-0.094061
51.504284,-0.09406
51.505631,-0.094058
51.50608,-0.094058
51.50608,-0.094779
51.505631,-0.095501
51.50653,-0.0955
51.50653,-0.096222
51.507428,-0.096221
51.507877,-0.09622
51.507428,-0.095499
51.50653,-0.094057
51.50608,-0.093336
51.50653,-0.093335
51.50653,-0.092614
51.50653,-0.091892
51.50653,-0.09117
51.50608,-0.091171
51.505631,-0.091172
51.505182,-0.091172
51.504284,-0.091174
51.503835,-0.091174
51.504284,-0.090452
51.505182,-0.090451
51.505631,-0.09045
51.50608,-0.090449
51.50608,-0.089728
51.50653,-0.089727
51.50608,-0.089006
51.505631,-0.089007
51.505631,-0.089728
51.504733,-0.08973
51.504284,-0.08973
51.503835,-0.089009
51.504284,-0.089009
51.504733,-0.089008
51.504733,-0.088287
51.504733,-0.087565
51.505631,-0.087564
51.505631,-0.086842
51.50608,-0.086841
51.50608,-0.087563
51.50653,-0.088284
51.507428,-0.088283
51.508326,-0.08756
51.508326,-0.086838
51.508326,-0.086116
51.508326,-0.085395
51.508775,-0.084672
51.509225,-0.084672
51.509674,-0.084671
51.510123,-0.08467
51.510572,-0.084669
51.511021,-0.084669
51.51147,-0.08539
51.51192,-0.085389
51.51147,-0.084668
51.510572,-0.083948
51.509674,-0.083949
51.508326,-0.08323
51.509225,-0.083228
51.510123,-0.082505
51.510123,-0.081783
51.509225,-0.081785
51.507877,-0.081787
51.508326,-0.081065
51.507877,-0.080344
51.507877,-0.079622
51.507428,-0.079623
51.506979,-0.079624
51.507428,-0.078901
51.506979,-0.078902
51.504733,-0.078906
51.504733,-0.079627
51.504284,-0.079628
51.504733,-0.080349
51.504284,-0.081071
51.505182,-0.081791
51.505182,-0.08107
51.50608,-0.081068
51.50608,-0.08179
51.50608,-0.082512
51.505631,-0.083234
51.505631,-0.083956
51.505182,-0.084678
51.505631,-0.084677
51.50608,-0.084676
51.50608,-0.085398
51.505631,-0.08612
51.505182,-0.086121
51.505182,-0.085399
51.504733,-0.0854
51.504284,-0.085401
51.504733,-0.084679
51.504284,-0.083958
51.503835,-0.083958
51.504733,-0.083235
51.504284,-0.083236
51.503386,-0.082516
51.503386,-0.081794
51.502936,-0.080352
51.502936,-0.07963
51.503386,-0.07963
51.503835,-0.078907
51.504284,-0.078185
51.503835,-0.078186
51.503386,-0.077465
51.502936,-0.077466
51.502487,-0.077466
51.502038,-0.076746
51.50114,-0.076747
51.501589,-0.077468
51.502038,-0.078189
51.502936,-0.078909
51.502487,-0.078909
51.502038,-0.07891
51.501589,-0.078911
51.502038,-0.079632
51.502038,-0.080353
51.50114,-0.081076
51.501589,-0.081797
51.502038,-0.082518
51.50114,-0.082519
51.500691,-0.08252
51.500241,-0.082521
51.499792,-0.082522
51.499343,-0.081079
51.499792,-0.081079
51.500241,-0.079635
51.50114,-0.079633
51.500691,-0.078912
51.500241,-0.078192
51.500241,-0.07747
51.499792,-0.076749
51.499792,-0.076028
51.500241,-0.076027
51.500241,-0.075306
51.499792,-0.074585
51.500241,-0.074584
51.501589,-0.073139
51.50114,-0.073139
51.500241,-0.072419
51.50114,-0.071696
51.501589,-0.071695
51.501589,-0.070974
51.501589,-0.070252
51.502038,-0.071695
51.502487,-0.072415
51.502936,-0.073136
51.502936,-0.073858
51.502936,-0.074579
51.502038,-0.074581
51.50114,-0.075304
51.501589,-0.075303
51.502487,-0.076023
51.502936,-0.076022
51.503386,-0.076022
51.503386,-0.076743
51.503835,-0.076742
51.504284,-0.076742
51.504733,-0.076741
51.505182,-0.076019
51.505631,-0.076018
51.50653,-0.076016
51.506979,-0.076015
51.506979,-0.075294
51.50653,-0.075295
51.50608,-0.075295
51.505631,-0.074575
51.50608,-0.073852
51.50653,-0.073851
51.50653,-0.074573
51.506979,-0.074572
51.507428,-0.074571
51.507877,-0.075292
51.507877,-0.076014
51.507428,-0.076015
51.506979,-0.076737
51.507428,-0.076736
51.507877,-0.076736
51.508326,-0.076735
51.508326,-0.077456
51.507877,-0.077457
51.507428,-0.077458
51.506979,-0.077459
51.50653,-0.077459
51.506979,-0.07818
51.507428,-0.07818
51.507877,-0.078179
51.508326,-0.078178
51.508326,-0.0789
51.508775,-0.078899
51.509225,-0.07962
51.508775,-0.079621
51.508775,-0.080342
51.509225,-0.080342
51.509674,-0.080341
51.510123,-0.08034
51.510572,-0.080339
51.510572,-0.081061
51.511021,-0.08106
51.511021,-0.080339
51.51147,-0.080338
51.51192,-0.079615
51.511021,-0.079617
51.510572,-0.079618
51.510123,-0.079618
51.509674,-0.079619
51.509674,-0.078897
51.509225,-0.078898
51.509225,-0.078177
51.509225,-0.077455
51.508775,-0.076734
51.509225,-0.076733
51.509674,-0.076732
51.510123,-0.077453
51.509674,-0.077454
51.509674,-0.078176
51.510572,-0.078896
51.511021,-0.078174
51.51192,-0.078894
51.512818,-0.078892
51.513267,-0.079613
51.512369,-0.080336
51.512818,-0.080336
51.513267,-0.080335
51.513716,-0.080334
51.514165,-0.080333
51.514165,-0.079612
51.514614,-0.079611
51.514614,-0.078889
51.513716,-0.078891
51.513716,-0.078169
51.512818,-0.077449
51.512369,-0.07745
51.51192,-0.07745
51.51147,-0.077451
51.511021,-0.07673
51.510572,-0.076731
51.510572,-0.076009
51.510123,-0.07601
51.509674,-0.075289
51.509225,-0.076012
51.508775,-0.075291
51.508775,-0.074569
51.508326,-0.07457
51.508326,-0.073848
51.508775,-0.073847
51.508326,-0.073126
51.508775,-0.072404
51.509225,-0.071681
51.508326,-0.07024
51.507428,-0.070963
51.507877,-0.071684
51.507428,-0.072406
51.506979,-0.072407
51.50653,-0.07313
51.50608,-0.07313
51.505631,-0.073131
51.505631,-0.07241
51.505182,-0.071689
51.50608,-0.071687
51.50653,-0.071686
51.506979,-0.071686
51.50608,-0.070966
51.506979,-0.069521
51.50653,-0.069522
51.505182,-0.069524
51.504733,-0.069525
51.504284,-0.068804
51.504733,-0.068803
51.505182,-0.068802
51.50653,-0.068078
51.507428,-0.068798
51.508326,-0.068797
51.509674,-0.068794
51.510123,-0.068793
51.510572,-0.068792
51.511021,-0.069513
51.51147,-0.069512
51.51192,-0.06879
51.514165,-0.068785
51.514614,-0.069506
51.515513,-0.070226
51.515513,-0.069505
51.515962,-0.069504
51.515513,-0.068783
51.515962,-0.068782
51.518208,-0.0695
51.518657,-0.069499
51.519106,-0.068776
51.520903,-0.068773
51.521352,-0.068772
51.521801,-0.068771
51.522699,-0.069491
51.522699,-0.070213
51.523148,-0.070934
51.523148,-0.071656
51.522699,-0.071657
51.52225,-0.071658
51.521352,-0.071659
51.521352,-0.070937
51.519555,-0.070941
51.519555,-0.070219
51.518657,-0.070221
51.518657,-0.070942
51.518657,-0.071664
51.518208,-0.071665
51.517759,-0.071666
51.517309,-0.071667
51.51686,-0.070946
51.516411,-0.070947
51.515962,-0.070947
51.515513,-0.070948
51.515064,-0.070949
51.515513,-0.07167
51.515064,-0.071671
51.514614,-0.072393
51.514165,-0.072394
51.514165,-0.073116
51.513267,-0.072396
51.512818,-0.071675
51.513267,-0.071674
51.513716,-0.071673
51.513716,-0.070952
51.513267,-0.070231
51.512818,-0.070953
51.512369,-0.070954
51.51147,-0.070234
51.509674,-0.070237
51.510123,-0.070958
51.511021,-0.071678
51.510123,-0.072402
51.510572,-0.073122
51.511021,-0.073122
51.511021,-0.073843
51.510123,-0.073845
51.510572,-0.074566
51.510572,-0.075287
51.511021,-0.075287
51.51147,-0.075286
51.51147,-0.076008
51.51192,-0.076007
51.513267,-0.076726
51.513716,-0.076004
51.513716,-0.075282
51.513267,-0.075283
51.513267,-0.074561
51.514165,-0.074559
51.514614,-0.074559
51.514614,-0.07528
51.515064,-0.07528
51.515513,-0.076001
51.515962,-0.076
51.516411,-0.075999
51.517309,-0.075276
51.517759,-0.075275
51.518208,-0.075274
51.518657,-0.075995
51.518208,-0.076718
51.517759,-0.07744
51.517759,-0.078162
51.517759,-0.078884
51.517309,-0.078885
51.51686,-0.078885
51.51686,-0.078164
51.516411,-0.078164
51.515962,-0.077443
51.515513,-0.076722
51.515064,-0.077445
51.514614,-0.077446
51.515513,-0.078166
51.515513,-0.078888
51.515962,-0.078887
51.515962,-0.079609
51.515962,-0.08033
51.516411,-0.08033
51.51686,-0.080329
51.516411,-0.079608
51.51686,-0.079607
51.517309,-0.079606
51.517759,-0.079606
51.518657,-0.078882
51.518657,-0.078161
51.519106,-0.07816
51.519555,-0.078159
51.520004,-0.078158
51.519555,-0.078881
51.519555,-0.079603
51.520454,-0.078879
51.520903,-0.079601
51.521352,-0.0796
51.52225,-0.079598
51.522699,-0.080319
51.522699,-0.079598
51.52225,-0.078876
51.521352,-0.077434
51.520454,-0.077436
51.520004,-0.077436
51.520004,-0.076715
51.520004,-0.075993
51.519555,-0.075272
51.519106,-0.075273
51.518657,-0.075273
51.518657,-0.074552
51.519106,-0.074551
51.519106,-0.073829
51.518657,-0.073108
51.518208,-0.073109
51.518208,-0.07383
51.517759,-0.073831
51.518208,-0.074552
51.517759,-0.074553
51.517309,-0.074554
51.51686,-0.074555
51.516411,-0.073834
51.515962,-0.073113
51.516411,-0.073112
51.516411,-0.07239
51.51686,-0.073111
51.517309,-0.07311
51.517759,-0.073109
51.518208,-0.072387
51.518657,-0.072386
51.519106,-0.072385
51.519555,-0.072384
51.520004,-0.072384
51.520454,-0.072383
51.520903,-0.072382
51.521352,-0.072381
51.521801,-0.07238
51.52225,-0.07238
51.522699,-0.072379
51.523598,-0.072377
51.524047,-0.072376
51.524496,-0.072375
51.524496,-0.073097
51.524945,-0.073097
51.524496,-0.073819
51.524047,-0.074542
51.524945,-0.075262
51.524047,-0.075264
51.523598,-0.075265
51.523148,-0.075265
51.523148,-0.074544
51.523598,-0.074543
51.523148,-0.073822
51.523148,-0.0731
51.520903,-0.073104
51.520454,-0.073105
51.520004,-0.073105
51.519555,-0.073106
51.520004,-0.073827
51.520454,-0.073826
51.520903,-0.073826
51.521352,-0.074547
51.520903,-0.074548
51.520454,-0.074548
51.520004,-0.074549
51.520454,-0.07527
51.520903,-0.075991
51.521801,-0.07599
51.52225,-0.075989
51.523148,-0.075987
51.523598,-0.075987
51.524047,-0.075986
51.524047,-0.076708
51.524496,-0.076707
51.524945,-0.077428
51.524047,-0.07743
51.523148,-0.076709
51.522699,-0.07671
51.523148,-0.077431
51.523148,-0.078153
51.522699,-0.078154
51.523148,-0.078875
51.523148,-0.079597
51.523598,-0.079596
51.524047,-0.079595
51.524047,-0.078873
51.524047,-0.078152
51.524496,-0.078151
51.524945,-0.078872
51.524945,-0.079594
51.524047,-0.080317
51.524945,-0.081038
51.524496,-0.081038
51.524047,-0.081039
51.524047,-0.081761
51.523598,-0.08104
51.523148,-0.081041
51.522699,-0.081041
51.52225,-0.081042
51.52225,-0.081764
51.521801,-0.082487
51.521352,-0.081765
51.520454,-0.082489
51.521352,-0.083209
51.520454,-0.083932
51.519555,-0.083934
51.519555,-0.083212
51.518657,-0.082492
51.519106,-0.081769
51.519555,-0.081768
51.520004,-0.081046
51.519555,-0.081046
51.518208,-0.080327
51.517759,-0.080328
51.517759,-0.081049
51.517309,-0.08105
51.516411,-0.081052
51.516411,-0.081773
51.51686,-0.081773
51.51686,-0.082494
51.517309,-0.083215
51.51686,-0.083216
51.516411,-0.083217
51.515962,-0.083218
51.515962,-0.083939
51.516411,-0.083939
51.51686,-0.083938
51.518208,-0.083936
51.518208,-0.084658
51.517759,-0.084658
51.517309,-0.085381
51.51686,-0.086103
51.515962,-0.086105
51.516411,-0.085382
51.515962,-0.084661
51.515513,-0.084662
51.515064,-0.084663
51.514614,-0.083941
51.514614,-0.08322
51.515064,-0.083219
51.515064,-0.082497
51.515962,-0.082496
51.515513,-0.081775
51.514614,-0.081776
51.514614,-0.081054
51.514165,-0.081055
51.513716,-0.081056
51.513716,-0.081778
51.513267,-0.081778
51.513716,-0.082499
51.514165,-0.082499
51.514165,-0.08322
51.513267,-0.083222
51.513267,-0.0825
51.512818,-0.082501
51.512369,-0.082502
51.51192,-0.082502
51.512369,-0.08178
51.51192,-0.081781
51.51147,-0.081781
51.511021,-0.081782
51.511021,-0.082504
51.511021,-0.083225
51.51147,-0.083946
51.51192,-0.083946
51.51192,-0.084667
51.512369,-0.084667
51.512818,-0.083944
51.512818,-0.084666
51.512369,-0.085388
51.512818,-0.085388
51.513267,-0.085387
51.513716,-0.085386
51.513716,-0.084665
51.514165,-0.084664
51.514165,-0.085386
51.514614,-0.085385
51.515064,-0.085384
51.515064,-0.086106
51.514614,-0.086107
51.514165,-0.086107
51.513716,-0.086108
51.513267,-0.086109
51.512818,-0.086109
51.512369,-0.08611
51.51192,-0.086833
51.51147,-0.086833
51.51147,-0.086112
51.511021,-0.086112
51.510572,-0.086113
51.510572,-0.085391
51.510123,-0.085392
51.509674,-0.085393
51.510123,-0.086114
51.509674,-0.086114
51.509225,-0.086115
51.508775,-0.086116
51.508775,-0.086837
51.509225,-0.086837
51.509674,-0.086836
51.510123,-0.086835
51.510572,-0.086835
51.510572,-0.087556
51.511021,-0.087556
51.51147,-0.087555
51.51192,-0.087554
51.512369,-0.087554
51.512818,-0.087553
51.513267,-0.087552
51.512818,-0.086831
51.513267,-0.086831
51.513716,-0.08683
51.514165,-0.086829
51.514614,-0.086829
51.515064,-0.086828
51.515513,-0.086827
51.515962,-0.086826
51.516411,-0.086826
51.515962,-0.087548
51.515962,-0.08827
51.515962,-0.088992
51.515513,-0.088992
51.515064,-0.089715
51.514614,-0.089716
51.514165,-0.089716
51.514165,-0.088994
51.514165,-0.088273
51.514614,-0.088272
51.515064,-0.088271
51.515064,-0.08755
51.514614,-0.08755
51.514165,-0.087551
51.513716,-0.087552
51.513716,-0.088273
51.513267,-0.088274
51.512818,-0.088275
51.512369,-0.088275
51.51147,-0.088277
51.511021,-0.088999
51.51147,-0.088998
51.51192,-0.088998
51.512369,-0.088997
51.512818,-0.088996
51.513267,-0.088996
51.513267,-0.089717
51.512818,-0.089718
51.512369,-0.089719
51.51192,-0.089719
51.51192,-0.090441
51.512369,-0.09044
51.512818,-0.09044
51.513267,-0.090439
51.513716,-0.090439
51.514165,-0.090438
51.514614,-0.090437
51.515064,-0.091158
51.515064,-0.090437
51.515513,-0.090436
51.515962,-0.090435
51.515962,-0.089714
51.51686,-0.089712
51.51686,-0.088991
51.51686,-0.088269
51.517309,-0.088268
51.51686,-0.087547
51.517309,-0.087546
51.518208,-0.086101
51.518657,-0.084657
51.519106,-0.084656
51.518657,-0.085379
51.518657,-0.086101
51.518208,-0.086823
51.517759,-0.088267
51.518208,-0.088989
51.517759,-0.088989
51.517309,-0.08899
51.517309,-0.089712
51.517309,-0.090433
51.51686,-0.090434
51.517309,-0.091155
51.516411,-0.091157
51.515962,-0.091879
51.515513,-0.09188
51.515064,-0.09188
51.514614,-0.091881
51.514165,-0.091881
51.513716,-0.091882
51.513267,-0.091883
51.513267,-0.091161
51.512818,-0.091162
51.512369,-0.091162
51.512818,-0.091883
51.512369,-0.091884
51.51192,-0.091885
51.51147,-0.091885
51.511021,-0.091886
51.510572,-0.091886
51.510123,-0.091887
51.510572,-0.091165
51.511021,-0.091164
51.51147,-0.091163
51.51192,-0.091163
51.51147,-0.090442
51.511021,-0.090442
51.510572,-0.090443
51.510123,-0.089722
51.510572,-0.089721
51.510572,-0.089
51.510123,-0.088279
51.509674,-0.087558
51.508775,-0.087559
51.508775,-0.088281
51.508775,-0.089002
51.509225,-0.089002
51.509225,-0.089723
51.508326,-0.090446
51.508775,-0.091167
51.508775,-0.091889
51.509225,-0.09261
51.509225,-0.093332
51.509225,-0.094053
51.508326,-0.094776
51.509225,-0.094775
51.509674,-0.094053
51.510123,-0.094052
51.510123,-0.094774
51.510572,-0.094773
51.511021,-0.095494
51.51147,-0.095494
51.51192,-0.095493
51.51147,-0.094772
51.512369,-0.094771
51.512369,-0.094049
51.512818,-0.094048
51.513267,-0.094048
51.513716,-0.094047
51.513716,-0.093326
51.513267,-0.093326
51.512369,-0.093327
51.51192,-0.093328
51.51147,-0.093329
51.511021,-0.093329
51.510572,-0.09333
51.510572,-0.092608
51.511021,-0.092607
51.51192,-0.092606
51.512818,-0.092605
51.513267,-0.092604
51.513716,-0.092604
51.514614,-0.092603
51.515064,-0.092602
51.515064,-0.093324
51.514614,-0.093324
51.514614,-0.094768
51.514165,-0.094768
51.513716,-0.094769
51.513267,-0.09477
51.513267,-0.095491
51.513716,-0.095491
51.513267,-0.096213
51.512818,-0.096214
51.512369,-0.096936
51.512818,-0.096935
51.513267,-0.096935
51.513716,-0.096934
51.514165,-0.096934
51.514614,-0.096211
51.515064,-0.096211
51.515513,-0.09621
51.515962,-0.09621
51.515962,-0.096931
51.515962,-0.097653
51.515513,-0.097654
51.515962,-0.098375
51.516411,-0.098374
51.516411,-0.097653
51.51686,-0.097652
51.517309,-0.097651
51.517309,-0.098373
51.51686,-0.098374
51.51686,-0.099096
51.516411,-0.099096
51.515962,-0.099097
51.515513,-0.099819
51.515064,-0.09982
51.515064,-0.099098
51.514614,-0.098377
51.514165,-0.098377
51.514165,-0.097655
51.513267,-0.097657
51.512818,-0.097657
51.512369,-0.097658
51.51192,-0.097658
51.51147,-0.098381
51.511021,-0.098381
51.510123,-0.098382
51.510123,-0.097661
51.510572,-0.09766
51.511021,-0.097659
51.511021,-0.096938
51.51147,-0.096937
51.51147,-0.096215
51.511021,-0.096216
51.510123,-0.095495
51.509674,-0.096218
51.510123,-0.096939
51.507877,-0.097663
51.507877,-0.098385
51.507428,-0.098386
51.507428,-0.097664
51.506979,-0.096943
51.50608,-0.097666
51.505631,-0.098388
51.505631,-0.099109
51.50608,-0.099109
51.50608,-0.09983
51.50653,-0.100552
51.50608,-0.101274
51.505631,-0.101274
51.505182,-0.101275
51.505182,-0.100553
51.504284,-0.099833
51.504733,-0.099111
51.504733,-0.098389
51.504733,-0.097667
51.504284,-0.097668
51.503835,-0.097668
51.503386,-0.097669
51.502936,-0.098391
51.503386,-0.099112
51.503386,-0.099834
51.503386,-0.100555
51.503386,-0.101277
51.503386,-0.101998
51.503835,-0.101998
51.504284,-0.101997
51.504733,-0.101997
51.505631,-0.101996
51.50608,-0.101995
51.50653,-0.101995
51.506979,-0.101994
51.506979,-0.101273
51.507428,-0.101272
51.507877,-0.101993
51.508326,-0.101271
51.507877,-0.10055
51.507428,-0.099829
51.507877,-0.099828
51.509225,-0.099105
51.510123,-0.099104
51.510572,-0.099103
51.510572,-0.099825
51.510572,-0.100547
51.51147,-0.100546
51.51147,-0.099824
51.51147,-0.099102
51.51192,-0.099102
51.512369,-0.099101
51.512369,-0.098379
51.512818,-0.098379
51.513267,-0.098378
51.513716,-0.098378
51.513716,-0.099099
51.514165,-0.099821
51.513716,-0.099821
51.513267,-0.099822
51.512818,-0.099822
51.512369,-0.100545
51.512818,-0.100544
51.513267,-0.100544
51.513716,-0.100543
51.514165,-0.100542
51.514614,-0.100542
51.515064,-0.101263
51.515513,-0.101984
51.515513,-0.101263
51.516411,-0.10054
51.51686,-0.100539
51.517309,-0.099817
51.517759,-0.099816
51.518657,-0.099815
51.519106,-0.099093
51.518657,-0.099093
51.518208,-0.09765
51.517759,-0.097651
51.517309,-0.09693
51.517309,-0.096208
51.51686,-0.096208
51.516411,-0.096209
51.515962,-0.095488
51.515513,-0.094767
51.515962,-0.094766
51.516411,-0.095487
51.517309,-0.095486
51.51686,-0.094765
51.516411,-0.094044
51.515962,-0.094044
51.515962,-0.093322
51.515962,-0.092601
51.516411,-0.0926
51.51686,-0.093321
51.517309,-0.093321
51.517309,-0.092599
51.517759,-0.092598
51.517759,-0.09332
51.517309,-0.094042
51.517759,-0.094042
51.517759,-0.094764
51.518208,-0.094763
51.519106,-0.094762
51.520004,-0.095483
51.520004,-0.096204
51.520903,-0.095481
51.521352,-0.094759
51.521801,-0.09548
51.521352,-0.096203
51.52225,-0.096201
51.522699,-0.095479
51.522699,-0.094757
51.523148,-0.094757
51.523598,-0.094756
51.523598,-0.094034
51.523148,-0.094035
51.522699,-0.094035
51.52225,-0.094036
51.521801,-0.094036
51.521352,-0.093315
51.521801,-0.093315
51.52225,-0.093314
51.522699,-0.093313
51.523148,-0.093313
51.523598,-0.093312
51.522699,-0.092591
51.523148,-0.091869
51.523148,-0.091147
51.523598,-0.091146
51.523148,-0.090425
51.522699,-0.090426
51.52225,-0.090426
51.52225,-0.091148
51.521801,-0.091149
51.520903,-0.091872
51.520454,-0.091873
51.520454,-0.092595
51.520454,-0.093316
51.520903,-0.093316
51.520454,-0.094038
51.520004,-0.093317
51.519555,-0.093318
51.518657,-0.093319
51.519106,-0.092596
51.519106,-0.091875
51.520454,-0.091151
51.520454,-0.089707
51.519106,-0.090431
51.518657,-0.08971
51.519106,-0.088987
51.520004,-0.088986
51.520004,-0.088264
51.519555,-0.088265
51.519555,-0.087543
51.520454,-0.087542
51.520004,-0.08682
51.520004,-0.086099
51.520454,-0.086098
51.520903,-0.085375
51.522699,-0.083929
51.523148,-0.083928
51.522699,-0.083207
51.523148,-0.082484
51.523598,-0.082484
51.524047,-0.082483
51.524496,-0.082482
51.524496,-0.083204
51.524047,-0.083205
51.523598,-0.083206
51.523598,-0.083927
51.524047,-0.083927
51.524945,-0.084647
51.524047,-0.084649
51.523598,-0.084649
51.523148,-0.08465
51.522699,-0.085373
51.521801,-0.085374
51.521352,-0.086097
51.521352,-0.086818
51.520903,-0.086819
51.521352,-0.08754
51.521801,-0.08754
51.52225,-0.088261
51.52225,-0.088983
51.52225,-0.089705
51.523148,-0.089703
51.523598,-0.089703
51.523598,-0.088981
51.523148,-0.088981
51.523148,-0.08826
51.522699,-0.08826
51.523148,-0.087538
51.522699,-0.087538
51.52225,-0.086817
51.522699,-0.086816
51.523148,-0.086816
51.524047,-0.086814
51.523598,-0.086093
51.524047,-0.086092
51.524945,-0.086091
51.524945,-0.086813
51.524945,-0.087535
51.524945,-0.088257
51.524047,-0.088258
51.524496,-0.088979
51.524047,-0.089702
51.524945,-0.090423
51.524496,-0.091145
51.524945,-0.091145
51.524945,-0.091866
51.524945,-0.094754
51.524496,-0.094755
51.524047,-0.094755
51.524047,-0.095477
51.523598,-0.096922
51.524047,-0.097643
51.524496,-0.097642
51.524945,-0.09692
51.524945,-0.099086
51.523148,-0.09981
51.52225,-0.099089
51.522699,-0.098367
51.52225,-0.098367
51.521801,-0.098368
51.52225,-0.097645
51.521352,-0.097646
51.520903,-0.097647
51.521352,-0.096925
51.520454,-0.096926
51.519555,-0.097649
51.519555,-0.09837
51.520004,-0.09837
51.520004,-0.099092
51.520004,-0.099814
51.520454,-0.100535
51.520903,-0.099813
51.521352,-0.099812
51.521801,-0.100533
51.52225,-0.100533
51.523148,-0.101254
51.523598,-0.101253
51.524047,-0.101253
51.524945,-0.101251
51.524496,-0.102696
51.524047,-0.102696
51.524047,-0.103418
51.523148,-0.103419
51.522699,-0.10342
51.522699,-0.102698
51.523148,-0.102697
51.522699,-0.101976
51.52225,-0.101977
51.520903,-0.1027
51.520004,-0.102701
51.519555,-0.102701
51.520004,-0.101979
51.520004,-0.101257
51.519555,-0.101258
51.519555,-0.100536
51.519106,-0.100537
51.518657,-0.100537
51.518208,-0.100538
51.517759,-0.10126
51.518208,-0.101259
51.518657,-0.101259
51.519106,-0.10198
51.518657,-0.101981
51.518208,-0.101981
51.517759,-0.101982
51.517309,-0.101982
51.51686,-0.101983
51.516411,-0.102705
51.515962,-0.102706
51.515962,-0.103427
51.516411,-0.103427
51.51686,-0.103426
51.515962,-0.104149
51.515513,-0.10415
51.515513,-0.103428
51.515513,-0.102706
51.515064,-0.102707
51.514614,-0.102707
51.514614,-0.101985
51.514614,-0.101264
51.514165,-0.101264
51.513716,-0.101265
51.513267,-0.101265
51.512818,-0.101266
51.512369,-0.101266
51.51192,-0.101267
51.51192,-0.101989
51.512369,-0.101988
51.512818,-0.101987
51.513267,-0.101987
51.513716,-0.101986
51.513716,-0.102708
51.514165,-0.103429
51.515064,-0.10415
51.514614,-0.104872
51.515064,-0.105594
51.515513,-0.105593
51.516411,-0.105592
51.51686,-0.105592
51.517309,-0.105591
51.517759,-0.104869
51.518208,-0.104868
51.518657,-0.104868
51.518657,-0.104146
51.518208,-0.103425
51.518208,-0.102703
51.518657,-0.102703
51.519106,-0.103424
51.520004,-0.103423
51.520454,-0.104144
51.521801,-0.103421
51.52225,-0.104142
51.522699,-0.104142
51.523148,-0.104863
51.522699,-0.105585
51.523148,-0.105585
51.523598,-0.105584
51.523598,-0.104863
51.524047,-0.104862
51.524496,-0.105583
51.524047,-0.106306
51.523598,-0.106306
51.523148,-0.106307
51.522699,-0.106307
51.52225,-0.106308
51.521352,-0.104865
51.520903,-0.104866
51.520454,-0.104866
51.520004,-0.104866
51.519555,-0.105589
51.520454,-0.105588
51.520454,-0.107032
51.520004,-0.107754
51.519555,-0.107032
51.519106,-0.106311
51.518208,-0.10559
51.517759,-0.106313
51.51686,-0.106314
51.517309,-0.107035
51.517309,-0.107757
51.516411,-0.107758
51.515962,-0.107758
51.515962,-0.107036
51.515064,-0.107037
51.514614,-0.107759
51.514165,-0.10776
51.513716,-0.10776
51.513267,-0.107761
51.512818,-0.10704
51.513267,-0.107039
51.513716,-0.107039
51.514165,-0.107038
51.514165,-0.106316
51.514165,-0.105595
51.513716,-0.105595
51.513267,-0.104874
51.513716,-0.104873
51.513716,-0.104152
51.513267,-0.104152
51.512818,-0.104153
51.512369,-0.104153
51.512818,-0.103431
51.513267,-0.10343
51.513267,-0.102709
51.512369,-0.10271
51.51147,-0.102711
51.51147,-0.101989
51.510572,-0.10199
51.510572,-0.102712
51.510572,-0.103433
51.511021,-0.104155
51.51147,-0.104154
51.51192,-0.104154
51.51147,-0.104876
51.511021,-0.104876
51.510572,-0.104877
51.511021,-0.105598
51.51192,-0.105597
51.51192,-0.104875
51.512369,-0.104875
51.512818,-0.105596
51.513267,-0.105596
51.513267,-0.106317
51.512818,-0.106318
51.512369,-0.106318
51.51192,-0.107041
51.512369,-0.107762
51.51192,-0.108484
51.512369,-0.108484
51.512818,-0.108483
51.513267,-0.108483
51.513716,-0.108482
51.514165,-0.108482
51.514614,-0.108481
51.515064,-0.108481
51.515064,-0.109203
51.514614,-0.109203
51.514165,-0.109203
51.514165,-0.109925
51.514614,-0.110646
51.514614,-0.109925
51.515064,-0.109924
51.515513,-0.109924
51.515962,-0.109202
51.517309,-0.1092
51.517309,-0.108478
51.517759,-0.108478
51.517759,-0.107756
51.518208,-0.107756
51.518657,-0.107755
51.518657,-0.108477
51.519106,-0.109198
51.519555,-0.109198
51.520004,-0.109198
51.520454,-0.109197
51.521352,-0.109196
51.522699,-0.108473
51.522699,-0.107751
51.521801,-0.107752
51.52225,-0.10703
51.522699,-0.107029
51.523148,-0.107029
51.523598,-0.10775
51.524047,-0.107028
51.524945,-0.107749
51.524945,-0.108471
51.524945,-0.109193
51.524496,-0.109193
51.524047,-0.108472
51.524047,-0.109193
51.523598,-0.109194
51.523148,-0.109194
51.522699,-0.109917
51.523598,-0.110638
51.524047,-0.110637
51.524945,-0.111358
51.524496,-0.111359
51.524047,-0.112081
51.523148,-0.112804
51.523598,-0.113525
51.524047,-0.114247
51.524496,-0.114968
51.524047,-0.115691
51.523598,-0.116413
51.524047,-0.117134
51.524496,-0.117134
51.524047,-0.117856
51.523598,-0.117857
51.523148,-0.117857
51.523148,-0.117135
51.522699,-0.117136
51.52225,-0.117136
51.522699,-0.116414
51.521801,-0.116414
51.521801,-0.115693
51.521801,-0.114971
51.52225,-0.11497
51.521801,-0.114249
51.521801,-0.113527
51.521352,-0.112806
51.521801,-0.112805
51.52225,-0.112805
51.522699,-0.112082
51.52225,-0.112083
51.521801,-0.112083
51.52225,-0.111361
51.521801,-0.111361
51.521801,-0.110639
51.521801,-0.109918
51.521352,-0.109918
51.520903,-0.109918
51.520903,-0.11064
51.520454,-0.110641
51.520454,-0.111363
51.520004,-0.111363
51.519555,-0.111363
51.519106,-0.111364
51.519106,-0.110642
51.518657,-0.109921
51.518208,-0.109921
51.517759,-0.109922
51.517309,-0.109922
51.51686,-0.110644
51.517309,-0.110644
51.517759,-0.110643
51.518208,-0.110643
51.517759,-0.111365
51.517309,-0.111366
51.51686,-0.111366
51.517309,-0.112087
51.517759,-0.112087
51.518208,-0.112087
51.518657,-0.112086
51.519106,-0.112086
51.519555,-0.112085
51.519106,-0.112808
51.518657,-0.112808
51.518657,-0.11353
51.519106,-0.113529
51.520004,-0.113529
51.520454,-0.113528
51.520903,-0.11425
51.520903,-0.114971
51.521352,-0.115693
51.520903,-0.116415
51.520454,-0.116416
51.520454,-0.117137
51.520903,-0.117137
51.521352,-0.117137
51.521801,-0.117858
51.521352,-0.117859
51.521352,-0.11858
51.521801,-0.119302
51.521801,-0.120024
51.52225,-0.120023
51.522699,-0.120023
51.522699,-0.119301
51.523598,-0.118579
51.524047,-0.118578
51.524945,-0.118578
51.524047,-0.120022
51.524047,-0.120744
51.523598,-0.120022
51.523148,-0.120023
51.522699,-0.120745
51.523148,-0.120745
51.523148,-0.121467
51.523598,-0.121466
51.524496,-0.122187
51.524496,-0.122909
51.523598,-0.12291
51.523148,-0.12291
51.522699,-0.122189
51.52225,-0.123633
51.521801,-0.123633
51.521352,-0.123633
51.520903,-0.123634
51.520454,-0.123634
51.520454,-0.122912
51.520903,-0.122912
51.521352,-0.122912
51.520903,-0.12219
51.520454,-0.12219
51.520004,-0.122191
51.520004,-0.121469
51.521352,-0.121468
51.520903,-0.120746
51.521352,-0.120024
51.521352,-0.119302
51.520454,-0.118581
51.520004,-0.11786
51.519555,-0.11786
51.518657,-0.117139
51.519106,-0.115695
51.518657,-0.115695
51.518657,-0.114973
51.518657,-0.114252
51.517759,-0.114252
51.517759,-0.113531
51.51686,-0.113531
51.51686,-0.11281
51.51686,-0.112088
51.516411,-0.112088
51.515962,-0.11281
51.515962,-0.113532
51.515513,-0.113533
51.515962,-0.114254
51.51686,-0.114253
51.51686,-0.114975
51.516411,-0.114975
51.515962,-0.115698
51.515513,-0.115698
51.515513,-0.114976
51.515064,-0.114255
51.514614,-0.114255
51.514614,-0.113534
51.514614,-0.112812
51.515064,-0.11209
51.514614,-0.11209
51.513716,-0.112091
51.513267,-0.112091
51.513267,-0.11137
51.512818,-0.11137
51.512369,-0.11137
51.512369,-0.110649
51.512818,-0.110648
51.513267,-0.110648
51.513716,-0.110647
51.513716,-0.109926
51.513267,-0.109926
51.512818,-0.109927
51.51192,-0.109927
51.51192,-0.110649
51.51147,-0.111371
51.511021,-0.111372
51.510572,-0.111372
51.510123,-0.109207
51.510572,-0.109207
51.510572,-0.108485
51.511021,-0.108485
51.51147,-0.107763
51.511021,-0.107763
51.510123,-0.107042
51.510572,-0.107042
51.511021,-0.107041
51.511021,-0.10632
51.510572,-0.10632
51.508775,-0.105601
51.508326,-0.106323
51.507877,-0.105601
51.507428,-0.105602
51.507877,-0.10488
51.508326,-0.104158
51.507877,-0.104158
51.507877,-0.103437
51.507428,-0.102715
51.50653,-0.103438
51.50608,-0.102717
51.505631,-0.102717
51.505182,-0.10344
51.505631,-0.103439
51.50608,-0.10416
51.50653,-0.104881
51.50653,-0.105603
51.505631,-0.105604
51.504733,-0.104883
51.504284,-0.105605
51.504284,-0.10777
51.505182,-0.107769
51.505182,-0.107048
51.505182,-0.106326
51.505631,-0.106326
51.50653,-0.107046
51.507428,-0.107767
51.507428,-0.108489
51.507877,-0.108488
51.507877,-0.10921
51.507428,-0.10921
51.507877,-0.109931
51.507877,-0.110653
51.507877,-0.111375
51.507428,-0.111375
51.506979,-0.110654
51.506979,-0.109932
51.50653,-0.109933
51.50653,-0.109211
51.50653,-0.108489
51.505631,-0.109212
51.505631,-0.109934
51.505631,-0.110655
51.505631,-0.111377
51.504733,-0.110656
51.504284,-0.109935
51.503835,-0.109214
51.502487,-0.108494
51.502487,-0.109215
51.502038,-0.109937
51.502936,-0.110658
51.503835,-0.111379
51.504284,-0.111378
51.503835,-0.1121
51.504284,-0.112821
51.504733,-0.112821
51.505182,-0.11282
51.50608,-0.11282
51.506979,-0.112097
51.506979,-0.112819
51.507428,-0.112818
51.507877,-0.112818
51.510572,-0.112094
51.510572,-0.112815
51.511021,-0.112815
51.51192,-0.112814
51.51192,-0.112093
51.512369,-0.112092
51.512818,-0.112092
51.513267,-0.112813
51.512818,-0.113535
51.512369,-0.113536
51.512369,-0.114257
51.512818,-0.114257
51.512818,-0.114979
51.513267,-0.1157
51.512818,-0.1157
51.512818,-0.116422
51.512369,-0.115701
51.51192,-0.114258
51.511021,-0.114258
51.511021,-0.113537
51.510572,-0.113537
51.510572,-0.114259
51.510123,-0.114259
51.510572,-0.115702
51.510123,-0.115703
51.510123,-0.116424
51.511021,-0.116424
51.51147,-0.116423
51.51192,-0.116423
51.51147,-0.117145
51.511021,-0.117145
51.510123,-0.117146
51.510123,-0.117868
51.510572,-0.117867
51.511021,-0.117867
51.51147,-0.117867
51.51192,-0.117866
51.512369,-0.117866
51.512818,-0.117866
51.513267,-0.118587
51.513716,-0.118587
51.513716,-0.119308
51.513267,-0.119309
51.513267,-0.12003
51.513716,-0.12003
51.514165,-0.12003
51.514614,-0.119308
51.514165,-0.118586
51.514614,-0.117864
51.514165,-0.117864
51.514165,-0.117143
51.513716,-0.117143
51.513716,-0.116421
51.514165,-0.116421
51.514614,-0.116421
51.515064,-0.11642
51.515064,-0.117142
51.515064,-0.117864
51.515513,-0.117863
51.515513,-0.118585
51.515962,-0.119306
51.515513,-0.119307
51.515064,-0.120029
51.515513,-0.120029
51.515962,-0.120028
51.516411,-0.12075
51.51686,-0.120749
51.517309,-0.120749
51.51686,-0.120028
51.517309,-0.118584
51.517309,-0.117862
51.517309,-0.11714
51.51686,-0.11714
51.516411,-0.117141
51.516411,-0.117863
51.515962,-0.117141
51.516411,-0.116419
51.51686,-0.116419
51.517309,-0.116418
51.517759,-0.11714
51.518208,-0.117861
51.518657,-0.117861
51.518657,-0.118583
51.519555,-0.119304
51.519106,-0.119304
51.518657,-0.119304
51.518208,-0.119305
51.518657,-0.120026
51.519555,-0.120747
51.518657,-0.120748
51.518657,-0.12147
51.519106,-0.12147
51.519106,-0.122191
51.519555,-0.122191
51.519555,-0.122913
51.518657,-0.122913
51.518208,-0.122192
51.517759,-0.121471
51.517309,-0.122193
51.51686,-0.122193
51.51686,-0.122915
51.517309,-0.122914
51.517759,-0.122914
51.517759,-0.123636
51.518208,-0.123636
51.518657,-0.123635
51.519106,-0.123635
51.519106,-0.124357
51.518657,-0.124357
51.518208,-0.125079
51.517759,-0.12508
51.517309,-0.12508
51.517309,-0.124358
51.51686,-0.123637
51.516411,-0.123637
51.516411,-0.122915
51.515962,-0.122915
51.515962,-0.122194
51.515513,-0.121472
51.515064,-0.120751
51.514614,-0.120751
51.514614,-0.121473
51.515064,-0.122194
51.514614,-0.122195
51.514165,-0.122195
51.514165,-0.122917
51.514614,-0.123638
51.515962,-0.123637
51.515962,-0.124359
51.515513,-0.125081
51.515962,-0.125802
51.515513,-0.126525
51.515064,-0.126525
51.514165,-0.125804
51.513716,-0.125082
51.512818,-0.124361
51.512369,-0.124361
51.512369,-0.125083
51.512818,-0.125083
51.513267,-0.125804
51.512818,-0.125805
51.512369,-0.125805
51.51147,-0.125805
51.511021,-0.125806
51.51147,-0.125084
51.510572,-0.125084
51.510123,-0.124363
51.510572,-0.124363
51.511021,-0.124362
51.51147,-0.124362
51.51192,-0.12364
51.512818,-0.123639
51.513267,-0.123639
51.513716,-0.123639
51.513716,-0.122917
51.512369,-0.122918
51.51192,-0.122918
51.51192,-0.122197
51.512369,-0.122196
51.51192,-0.121475
51.512369,-0.121474
51.512818,-0.121474
51.513267,-0.121474
51.513267,-0.120752
51.512818,-0.120031
51.512369,-0.119309
51.51192,-0.11931
51.51147,-0.118588
51.511021,-0.118589
51.510572,-0.118589
51.511021,-0.11931
51.510123,-0.119311
51.509674,-0.11859
51.509674,-0.117868
51.508775,-0.117869
51.509225,-0.119312
51.509225,-0.120033
51.510123,-0.120033
51.510572,-0.120032
51.511021,-0.120032
51.51147,-0.120032
51.51192,-0.120031
51.51192,-0.120753
51.51147,-0.120753
51.511021,-0.121475
51.511021,-0.122197
51.51147,-0.122197
51.51147,-0.122919
51.51147,-0.12364
51.511021,-0.123641
51.510572,-0.123641
51.510123,-0.123641
51.509674,-0.123641
51.509225,-0.123642
51.509674,-0.124363
51.509225,-0.124363
51.509225,-0.125085
51.508775,-0.124364
51.508326,-0.124364
51.507877,-0.124364
51.507428,-0.124365
51.507428,-0.123643
51.507877,-0.123643
51.508326,-0.123642
51.508326,-0.122921
51.508775,-0.12292
51.509225,-0.12292
51.509674,-0.12292
51.510572,-0.122919
51.510123,-0.122198
51.509674,-0.122198
51.509225,-0.122198
51.509225,-0.121477
51.509674,-0.121476
51.510123,-0.121476
51.510572,-0.120754
51.510123,-0.120754
51.509674,-0.120755
51.509225,-0.120755
51.508775,-0.120755
51.508326,-0.120756
51.508775,-0.121477
51.508326,-0.121477
51.507877,-0.121478
51.508326,-0.122199
51.507877,-0.122199
51.507428,-0.1222
51.507428,-0.122921
51.506979,-0.123643
51.50653,-0.123644
51.50653,-0.124365
51.50608,-0.124366
51.50653,-0.125087
51.506979,-0.125087
51.506979,-0.125808
51.50653,-0.125809
51.50608,-0.12653
51.50653,-0.12653
51.507428,-0.12653
51.507877,-0.125808
51.507877,-0.125086
51.508326,-0.125807
51.508326,-0.126529
51.508775,-0.126529
51.509225,-0.126528
51.509225,-0.12725
51.509674,-0.12725
51.510123,-0.12725
51.510572,-0.127249
51.511021,-0.127249
51.510572,-0.126528
51.511021,-0.126527
51.51147,-0.126527
51.51192,-0.126527
51.512369,-0.126527
51.512818,-0.126526
51.513267,-0.126526
51.513716,-0.126526
51.513267,-0.127248
51.513716,-0.127247
51.514165,-0.127247
51.514614,-0.127247
51.515064,-0.127247
51.515513,-0.127246
51.515962,-0.127246
51.516411,-0.127246
51.516411,-0.126524
51.51686,-0.125802
51.517309,-0.125802
51.517759,-0.125801
51.517309,-0.126523
51.517759,-0.126523
51.518208,-0.126523
51.518657,-0.126523
51.518657,-0.127244
51.519106,-0.127244
51.519106,-0.127966
51.519555,-0.127966
51.520004,-0.127965
51.520454,-0.127243
51.519555,-0.1258
51.520004,-0.1258
51.520454,-0.1258
51.520454,-0.125078
51.520903,-0.125077
51.520454,-0.124356
51.520903,-0.124356
51.521352,-0.124355
51.521801,-0.124355
51.521352,-0.125077
51.521801,-0.125077
51.52225,-0.125077
51.522699,-0.125076
51.523148,-0.124354
51.524047,-0.124353
51.524496,-0.125075
51.524945,-0.125797
51.524496,-0.125797
51.524047,-0.125797
51.523598,-0.126519
51.522699,-0.125798
51.52225,-0.125798
51.521801,-0.125799
51.521352,-0.126521
51.521801,-0.126521
51.52225,-0.12652
51.52225,-0.127242
51.522699,-0.127242
51.523148,-0.127964
51.523598,-0.127963
51.524496,-0.127963
51.524047,-0.128685
51.523598,-0.129407
51.524047,-0.129407
51.524496,-0.129407
51.524496,-0.130128
51.524047,-0.130851
51.523598,-0.130851
51.523148,-0.130851
51.522699,-0.130851
51.522699,-0.131573
51.523148,-0.131573
51.523598,-0.131573
51.524047,-0.131573
51.524496,-0.131572
51.524047,-0.132294
51.524496,-0.133016
51.524496,-0.133738
51.524945,-0.13446
51.524047,-0.13446
51.523148,-0.134461
51.522699,-0.134461
51.523148,-0.135182
51.523598,-0.135182
51.524047,-0.135182
51.524496,-0.135182
51.524496,-0.135904
51.523598,-0.135904
51.523148,-0.136626
51.522699,-0.135905
51.521801,-0.136627
51.521352,-0.137349
51.52225,-0.13807
51.522699,-0.137348
51.523148,-0.13807
51.522699,-0.138792
51.523148,-0.138792
51.524047,-0.138792
51.524047,-0.139514
51.523598,-0.140957
51.522699,-0.140958
51.52225,-0.140958
51.52225,-0.140236
51.522699,-0.140236
51.523148,-0.140236
51.523148,-0.139514
51.522699,-0.139514
51.521801,-0.139514
51.520903,-0.138793
51.520903,-0.139515
51.520454,-0.140237
51.521352,-0.140236
51.521801,-0.140958
51.52225,-0.14168
51.521801,-0.14168
51.520903,-0.140958
51.520454,-0.140958
51.520454,-0.14168
51.520004,-0.14168
51.520004,-0.140959
51.519555,-0.140959
51.518657,-0.140959
51.518208,-0.141681
51.518657,-0.141681
51.518657,-0.142403
51.518657,-0.143124
51.519106,-0.143124
51.519555,-0.143124
51.520004,-0.143124
51.520454,-0.143124
51.520903,-0.143124
51.521352,-0.143124
51.520004,-0.143846
51.519555,-0.143846
51.519555,-0.144568
51.518657,-0.14529
51.518208,-0.14529
51.517759,-0.144568
51.517309,-0.144568
51.516411,-0.144569
51.516411,-0.143847
51.51686,-0.143847
51.517309,-0.143847
51.517759,-0.143847
51.518208,-0.143846
51.518208,-0.143125
51.51686,-0.143125
51.516411,-0.143125
51.515962,-0.143125
51.516411,-0.142403
51.517309,-0.142403
51.517309,-0.141681
51.517759,-0.140959
51.517309,-0.140959
51.51686,-0.14096
51.515962,-0.14096
51.515513,-0.14096
51.515064,-0.14096
51.515064,-0.140238
51.515513,-0.140238
51.515962,-0.140238
51.515962,-0.139516
51.515064,-0.139517
51.514614,-0.139517
51.513716,-0.140239
51.513267,-0.140239
51.513267,-0.139517
51.512818,-0.139517
51.512369,-0.139518
51.512369,-0.140239
51.512369,-0.140961
51.512818,-0.140961
51.513267,-0.140961
51.513716,-0.140961
51.514165,-0.14096
51.514165,-0.141682
51.513267,-0.141682
51.512818,-0.141683
51.512369,-0.141683
51.51192,-0.141683
51.51147,-0.141683
51.511021,-0.140961
51.510572,-0.141683
51.511021,-0.142405
51.511021,-0.143126
51.51147,-0.143126
51.51192,-0.142405
51.512369,-0.142404
51.512369,-0.143126
51.51192,-0.143126
51.51192,-0.143848
51.51147,-0.143848
51.51192,-0.14457
51.511021,-0.14457
51.510572,-0.14457
51.510123,-0.14457
51.510123,-0.145292
51.510572,-0.146013
51.511021,-0.146013
51.510572,-0.146735
51.510123,-0.146735
51.509674,-0.146735
51.509225,-0.146735
51.509225,-0.147457
51.509674,-0.147457
51.510123,-0.147457
51.510572,-0.148178
51.511021,-0.1489
51.51147,-0.148178
51.51147,-0.147457
51.51192,-0.146735
51.512369,-0.146735
51.512369,-0.147456
51.512369,-0.148178
51.512818,-0.147456
51.513267,-0.146735
51.513716,-0.146734
51.514165,-0.146734
51.514165,-0.146013
51.514165,-0.145291
51.514614,-0.145291
51.514614,-0.144569
51.513716,-0.144569
51.513267,-0.144569
51.512818,-0.146013
51.512818,-0.145291
51.512818,-0.144569
51.512818,-0.143848
51.513267,-0.143126
51.513716,-0.142404
51.514165,-0.142404
51.514614,-0.142404
51.515064,-0.142404
51.514614,-0.143126
51.514165,-0.143126
51.514614,-0.143847
51.515513,-0.143847
51.515513,-0.144569
51.515962,-0.144569
51.515962,-0.14529
51.515513,-0.145291
51.515064,-0.145291
51.515513,-0.146012
51.515962,-0.146012
51.516411,-0.146012
51.51686,-0.146012
51.51686,-0.14529
51.517309,-0.14529
51.517759,-0.14529
51.518208,-0.146012
51.518657,-0.146012
51.519106,-0.146733
51.518657,-0.146734
51.518657,-0.147455
51.518208,-0.147455
51.517759,-0.147456
51.517309,-0.147456
51.516411,-0.148178
51.516411,-0.147456
51.516411,-0.146734
51.515962,-0.146734
51.515513,-0.146734
51.515513,-0.147456
51.515064,-0.147456
51.514614,-0.147456
51.515064,-0.148178
51.514614,-0.149621
51.515064,-0.150343
51.515513,-0.150343
51.515962,-0.150343
51.515962,-0.149621
51.515962,-0.148899
51.517309,-0.149621
51.517309,-0.150343
51.517759,-0.150343
51.518208,-0.150343
51.518208,-0.151065
51.518208,-0.151786
51.517759,-0.151786
51.517309,-0.151786
51.51686,-0.151065
51.516411,-0.151065
51.516411,-0.151786
51.51686,-0.151786
51.517309,-0.152508
51.517759,-0.15323
51.518657,-0.152508
51.519106,-0.152508
51.519555,-0.152508
51.520004,-0.151064
51.519106,-0.151064
51.519106,-0.149621
51.518657,-0.148899
51.518657,-0.148177
51.519106,-0.148177
51.520004,-0.147455
51.519555,-0.146733
51.520004,-0.146011
51.520454,-0.146011
51.520454,-0.14529
51.520454,-0.144568
51.520903,-0.144568
51.521352,-0.144567
51.521801,-0.144567
51.52225,-0.144567
51.522699,-0.143845
51.523148,-0.143845
51.523148,-0.143123
51.522699,-0.143123
51.52225,-0.142402
51.522699,-0.142402
51.523148,-0.14168
51.524047,-0.142401
51.523598,-0.144567
51.522699,-0.144567
51.521801,-0.145289
51.521352,-0.146011
51.521801,-0.146011
51.522699,-0.146733
51.521801,-0.146733
51.521352,-0.146733
51.521352,-0.147455
51.520454,-0.148177
51.520004,-0.148177
51.520004,-0.149621
51.520903,-0.149621
51.520454,-0.150342
51.520903,-0.151064
51.520903,-0.151786
51.521801,-0.152508
51.521352,-0.152508
51.520903,-0.152508
51.520454,-0.152508
51.520454,-0.15323
51.520903,-0.153952
51.520454,-0.154674
51.520454,-0.155395
51.520004,-0.155395
51.520004,-0.154674
51.519555,-0.154674
51.520004,-0.15323
51.519555,-0.15323
51.518657,-0.153952
51.518657,-0.154674
51.518208,-0.154674
51.517759,-0.154674
51.517309,-0.154674
51.51686,-0.154674
51.51686,-0.153952
51.517309,-0.153952
51.51686,-0.15323
51.516411,-0.152508
51.515962,-0.152508
51.515962,-0.15323
51.515513,-0.15323
51.515962,-0.153952
51.514614,-0.153952
51.512818,-0.152508
51.512369,-0.152508
51.51147,-0.152509
51.510572,-0.151787
51.510572,-0.151065
51.511021,-0.151065
51.51147,-0.151065
51.51192,-0.151065
51.51192,-0.151787
51.512369,-0.151787
51.512818,-0.151065
51.512818,-0.151787
51.513716,-0.152508
51.514165,-0.152508
51.515064,-0.152508
51.515064,-0.151065
51.514614,-0.151065
51.513716,-0.151065
51.513716,-0.150343
51.514165,-0.149621
51.513716,-0.149621
51.513267,-0.149621
51.513716,-0.1489
51.513267,-0.1489
51.512818,-0.1489
51.512369,-0.149622
51.51192,-0.149622
51.51147,-0.150343
51.511021,-0.150343
51.510123,-0.150344
51.509674,-0.150344
51.509225,-0.150344
51.508775,-0.151065
51.508326,-0.150344
51.508775,-0.150344
51.508775,-0.149622
51.509225,-0.1489
51.509674,-0.148179
51.508775,-0.148179
51.507428,-0.147457
51.50653,-0.147457
51.50653,-0.146736
51.50608,-0.146736
51.505631,-0.146736
51.505182,-0.146014
51.504733,-0.146736
51.504284,-0.147458
51.504284,-0.148179
51.504733,-0.148901
51.505182,-0.148901
51.505182,-0.148179
51.505631,-0.148179
51.50608,-0.148179
51.50653,-0.148179
51.50653,-0.148901
51.506979,-0.148901
51.507428,-0.148901
51.506979,-0.149622
51.50608,-0.149622
51.504733,-0.149623
51.504284,-0.148901
51.503835,-0.148901
51.502936,-0.148901
51.503386,-0.147458
51.503835,-0.146015
51.504284,-0.145293
51.502936,-0.144572
51.502487,-0.14385
51.504733,-0.144571
51.505182,-0.145293
51.50608,-0.145293
51.50653,-0.146014
51.507428,-0.145292
51.507428,-0.146014
51.507877,-0.146014
51.507877,-0.146736
51.508326,-0.146735
51.508775,-0.146014
51.509225,-0.146014
51.509674,-0.146014
51.508775,-0.145292
51.507877,-0.144571
51.508775,-0.143849
51.509674,-0.143848
51.510572,-0.143848
51.510123,-0.143127
51.509674,-0.143127
51.509225,-0.143127
51.509225,-0.142405
51.509225,-0.141684
51.508775,-0.141684
51.508326,-0.141684
51.508775,-0.142405
51.508326,-0.142406
51.507877,-0.142406
51.507877,-0.143127
51.506979,-0.143849
51.50653,-0.143128
51.50608,-0.143849
51.505631,-0.143128
51.505631,-0.142406
51.505631,-0.141685
51.50653,-0.141684
51.506979,-0.142406
51.506979,-0.141684
51.507428,-0.141684
51.507428,-0.140962
51.507877,-0.140962
51.507877,-0.140241
51.508326,-0.140241
51.508775,-0.14024
51.508775,-0.140962
51.509225,-0.140962
51.509674,-0.140962
51.509674,-0.14024
51.509225,-0.139519
51.509674,-0.139518
51.510123,-0.139518
51.510572,-0.139518
51.510572,-0.14024
51.511021,-0.14024
51.51147,-0.14024
51.511021,-0.139518
51.510572,-0.138796
51.509674,-0.138075
51.510123,-0.138075
51.510572,-0.137353
51.510123,-0.137353
51.509674,-0.137353
51.509225,-0.136632
51.508775,-0.136632
51.508775,-0.137354
51.508326,-0.137354
51.507877,-0.137354
51.507877,-0.136632
51.507428,-0.136633
51.506979,-0.136633
51.506979,-0.137354
51.507428,-0.137354
51.507428,-0.138076
51.507877,-0.138076
51.508326,-0.138076
51.508326,-0.138797
51.508326,-0.139519
51.507877,-0.139519
51.507428,-0.139519
51.507428,-0.138798
51.506979,-0.138798
51.506979,-0.138076
51.50653,-0.137355
51.50608,-0.137355
51.50608,-0.138076
51.505631,-0.138077
51.505182,-0.138077
51.505182,-0.138798
51.505182,-0.13952
51.505631,-0.13952
51.50653,-0.139519
51.50653,-0.140241
51.50653,-0.140963
51.50608,-0.140963
51.505631,-0.140963
51.505182,-0.140963
51.505182,-0.140242
51.504284,-0.140242
51.503386,-0.140242
51.504284,-0.13952
51.504733,-0.138799
51.503835,-0.138077
51.504284,-0.137355
51.504733,-0.137355
51.505182,-0.137355
51.505182,-0.136634
51.505631,-0.136633
51.50653,-0.136633
51.50653,-0.135911
51.50608,-0.135912
51.505631,-0.135912
51.505182,-0.13519
51.504733,-0.134469
51.505182,-0.134469
51.505182,-0.133747
51.505631,-0.133747
51.50608,-0.134468
51.50608,-0.13519
51.50653,-0.13519
51.506979,-0.13519
51.506979,-0.135911
51.507428,-0.135911
51.508326,-0.135911
51.508775,-0.13591
51.509674,-0.13591
51.510123,-0.13591
51.511021,-0.135909
51.511021,-0.136631
51.51147,-0.136631
51.51147,-0.137353
51.51192,-0.137353
51.51192,-0.138074
51.51147,-0.138074
51.511021,-0.138075
51.51147,-0.138796
51.51192,-0.138796
51.512369,-0.138796
51.512818,-0.138796
51.513267,-0.138795
51.512818,-0.138074
51.513267,-0.137352
51.512818,-0.137352
51.512369,-0.137352
51.512369,-0.136631
51.512818,-0.135909
51.513267,-0.135909
51.513716,-0.135908
51.513716,-0.135187
51.513267,-0.135187
51.512369,-0.135187
51.51192,-0.135909
51.51147,-0.135909
51.51147,-0.135188
51.511021,-0.135188
51.510572,-0.135188
51.510123,-0.135188
51.509674,-0.135188
51.509225,-0.135189
51.508775,-0.135189
51.507877,-0.134467
51.507428,-0.134468
51.507428,-0.133746
51.506979,-0.133746
51.50653,-0.133746
51.50653,-0.133025
51.506979,-0.133025
51.507877,-0.133024
51.508775,-0.133024
51.509225,-0.132302
51.509674,-0.133023
51.509674,-0.133745
51.509674,-0.134467
51.510123,-0.134466
51.510572,-0.134466
51.511021,-0.134466
51.51147,-0.134466
51.51192,-0.133744
51.512369,-0.134465
51.512818,-0.134465
51.512818,-0.133744
51.513716,-0.133743
51.514165,-0.133743
51.514165,-0.133021
51.513716,-0.133021
51.513267,-0.133022
51.512818,-0.133022
51.512369,-0.133022
51.51192,-0.133022
51.51147,-0.133022
51.511021,-0.133023
51.511021,-0.133744
51.510572,-0.133745
51.510123,-0.133023
51.510123,-0.132301
51.510572,-0.132301
51.511021,-0.132301
51.51147,-0.132301
51.51192,-0.132301
51.512369,-0.1323
51.512818,-0.1323
51.513267,-0.1323
51.513716,-0.1323
51.514165,-0.132299
51.514614,-0.132299
51.515064,-0.132299
51.515064,-0.133021
51.515513,-0.133742
51.515064,-0.133742
51.514614,-0.134464
51.514165,-0.134465
51.513716,-0.134465
51.514165,-0.135186
51.514614,-0.135186
51.515064,-0.135186
51.515513,-0.135908
51.514614,-0.135908
51.514614,-0.13663
51.514165,-0.13663
51.513716,-0.137352
51.514165,-0.138073
51.514614,-0.138073
51.515064,-0.137351
51.515513,-0.137351
51.515962,-0.137351
51.515962,-0.138073
51.516411,-0.138073
51.51686,-0.138072
51.51686,-0.138794
51.51686,-0.139516
51.517309,-0.139516
51.518208,-0.140237
51.518657,-0.140237
51.519555,-0.139515
51.519555,-0.138793
51.518657,-0.138794
51.518208,-0.138794
51.518208,-0.138072
51.518208,-0.13735
51.517309,-0.136629
51.516411,-0.136629
51.516411,-0.135907
51.516411,-0.135185
51.51686,-0.135185
51.51686,-0.135907
51.517309,-0.135907
51.517759,-0.135907
51.518208,-0.136628
51.518657,-0.136628
51.518657,-0.13735
51.519106,-0.138072
51.520004,-0.137349
51.519555,-0.136628
51.519106,-0.136628
51.519106,-0.135906
51.519106,-0.135184
51.518657,-0.135184
51.518208,-0.135185
51.517309,-0.135185
51.517309,-0.134463
51.51686,-0.134463
51.516411,-0.134464
51.515962,-0.133742
51.516411,-0.133742
51.51686,-0.133742
51.516411,-0.13302
51.517309,-0.13302
51.518208,-0.133019
51.518208,-0.133741
51.518657,-0.133741
51.519106,-0.133019
51.519555,-0.132297
51.520004,-0.131575
51.520454,-0.131574
51.520903,-0.131574
51.521352,-0.132296
51.520903,-0.132296
51.520903,-0.133018
51.520454,-0.13374
51.520004,-0.13374
51.520004,-0.134462
51.519106,-0.134462
51.519555,-0.135184
51.520004,-0.135184
51.520004,-0.135906
51.520454,-0.135906
51.520903,-0.135905
51.520454,-0.135184
51.521352,-0.134461
51.521801,-0.134461
51.52225,-0.133739
51.522699,-0.133017
51.522699,-0.133739
51.523148,-0.133739
51.523598,-0.133738
51.524047,-0.133738
51.524047,-0.133016
51.523598,-0.132295
51.523148,-0.132295
51.522699,-0.132295
51.52225,-0.132295
51.521801,-0.131574
51.521352,-0.131574
51.521352,-0.130852
51.521352,-0.13013
51.52225,-0.13013
51.522699,-0.130129
51.522699,-0.129408
51.521801,-0.129408
51.521352,-0.129408
51.521801,-0.128686
51.521801,-0.127964
51.521352,-0.127965
51.521352,-0.128686
51.520903,-0.128687
51.520454,-0.129409
51.520004,-0.129409
51.520004,-0.128687
51.519555,-0.128688
51.519555,-0.129409
51.519555,-0.130131
51.520004,-0.130853
51.519555,-0.130853
51.519106,-0.130853
51.518657,-0.130132
51.518208,-0.130132
51.517759,-0.130854
51.518657,-0.131575
51.517759,-0.131576
51.51686,-0.131576
51.516411,-0.131576
51.515962,-0.131577
51.515962,-0.130855
51.516411,-0.130855
51.51686,-0.130854
51.51686,-0.130133
51.517309,-0.129411
51.517309,-0.128689
51.517759,-0.128689
51.518657,-0.128688
51.519106,-0.128688
51.518657,-0.127966
51.518208,-0.127966
51.518208,-0.127245
51.517309,-0.127245
51.517309,-0.127967
51.516411,-0.128689
51.515962,-0.12869
51.515513,-0.12869
51.515064,-0.12869
51.515064,-0.127968
51.514614,-0.127969
51.513716,-0.127969
51.513267,-0.127969
51.512818,-0.12797
51.512369,-0.12797
51.51192,-0.12797
51.51147,-0.127971
51.511021,-0.127971
51.510572,-0.127971
51.510123,-0.127971
51.509674,-0.127972
51.509225,-0.127972
51.508775,-0.12725
51.508326,-0.127251
51.507428,-0.127251
51.507428,-0.127973
51.507877,-0.127973
51.508326,-0.127972
51.508775,-0.127972
51.509225,-0.128694
51.509674,-0.128693
51.510123,-0.129415
51.510123,-0.130136
51.509674,-0.130137
51.509225,-0.130137
51.509225,-0.130859
51.509674,-0.130858
51.510123,-0.130858
51.510572,-0.130858
51.511021,-0.130858
51.51147,-0.130857
51.51192,-0.130857
51.51147,-0.130136
51.511021,-0.130136
51.510572,-0.130136
51.510572,-0.128693
51.511021,-0.128692
51.512369,-0.128692
51.512818,-0.129413
51.512818,-0.128691
51.513267,-0.128691
51.513716,-0.128691
51.514165,-0.129412
51.514614,-0.129412
51.515513,-0.130133
51.515064,-0.130134
51.514614,-0.130134
51.514165,-0.130134
51.513716,-0.130134
51.513267,-0.130135
51.512818,-0.130135
51.512369,-0.130135
51.512818,-0.130857
51.513267,-0.130856
51.513716,-0.130856
51.514614,-0.130856
51.514614,-0.131577
51.514165,-0.131578
51.513716,-0.131578
51.513267,-0.131578
51.512818,-0.131578
51.512369,-0.131579
51.51147,-0.131579
51.510123,-0.13158
51.509674,-0.13158
51.509225,-0.13158
51.508775,-0.13158
51.508326,-0.131581
51.508326,-0.132302
51.507877,-0.132303
51.507428,-0.132303
51.506979,-0.132303
51.50653,-0.132303
51.50608,-0.132303
51.50608,-0.133025
51.505631,-0.133025
51.505631,-0.132304
51.505631,-0.131582
51.50608,-0.13086
51.50653,-0.13086
51.506979,-0.131581
51.507428,-0.131581
51.506979,-0.13086
51.506979,-0.130138
51.50653,-0.130138
51.50608,-0.130139
51.50608,-0.129417
51.50653,-0.129417
51.506979,-0.129416
51.507428,-0.129416
51.507428,-0.130138
51.507877,-0.130138
51.508326,-0.130137
51.507877,-0.129416
51.507877,-0.128694
51.507428,-0.128695
51.506979,-0.128695
51.50653,-0.128695
51.504733,-0.128696
51.504733,-0.127975
51.505182,-0.127974
51.505631,-0.127974
51.50608,-0.127974
51.50653,-0.127973
51.50608,-0.127252
51.505631,-0.127252
51.505182,-0.126531
51.504733,-0.126531
51.504284,-0.12581
51.504733,-0.12581
51.505182,-0.125088
51.505631,-0.125088
51.505182,-0.124366
51.504733,-0.124367
51.504284,-0.124367
51.504733,-0.123645
51.505182,-0.123645
51.50608,-0.123644
51.50608,-0.122922
51.50653,-0.122922
51.50653,-0.1222
51.505631,-0.121479
51.505631,-0.120036
51.505631,-0.118593
51.505182,-0.117872
51.505631,-0.117871
51.50608,-0.117871
51.505631,-0.11715
51.50608,-0.117149
51.50653,-0.117149
51.507877,-0.117148
51.50653,-0.116427
51.50608,-0.116428
51.505631,-0.116428
51.505182,-0.115707
51.503835,-0.114986
51.503386,-0.114987
51.503386,-0.115708
51.503835,-0.115708
51.504284,-0.115708
51.504733,-0.116429
51.505182,-0.116429
51.505182,-0.11715
51.504733,-0.117151
51.504284,-0.117151
51.503835,-0.117151
51.503835,-0.117873
51.504284,-0.118594
51.504733,-0.118594
51.504733,-0.119315
51.504284,-0.119316
51.503835,-0.120038
51.503386,-0.120038
51.502936,-0.120038
51.502487,-0.120039
51.502487,-0.119317
51.502936,-0.119317
51.503386,-0.119316
51.503386,-0.118595
51.502936,-0.118595
51.502487,-0.118595
51.502487,-0.117874
51.502936,-0.117152
51.502487,-0.115709
51.502487,-0.114988
51.50114,-0.116432
51.500691,-0.116432
51.499343,-0.117155
51.499792,-0.117876
51.500241,-0.117876
51.500691,-0.117875
51.50114,-0.117875
51.501589,-0.117875
51.500691,-0.118597
51.500241,-0.118597
51.499792,-0.118598
51.499343,-0.118598
51.497996,-0.117878
51.497546,-0.117156
51.497097,-0.117878
51.496648,-0.117879
51.496648,-0.117157
51.496199,-0.117158
51.49575,-0.117158
51.495301,-0.11788
51.495301,-0.118601
51.49575,-0.118601
51.496199,-0.118601
51.49575,-0.119322
51.495301,-0.119323
51.494402,-0.119323
51.493953,-0.120045
51.494402,-0.120045
51.494402,-0.120766
51.494852,-0.121487
51.495301,-0.121487
51.49575,-0.121487
51.496648,-0.121486
51.497097,-0.120764
51.497097,-0.120043
51.497996,-0.120764
51.497996,-0.120042
51.498894,-0.120041
51.499343,-0.11932
51.499792,-0.119319
51.500241,-0.119319
51.50114,-0.119318
51.50114,-0.12004
51.502038,-0.120039
51.502038,-0.120761
51.501589,-0.120761
51.50114,-0.120761
51.500691,-0.120762
51.500241,-0.120762
51.499792,-0.120041
51.499343,-0.120763
51.500691,-0.122205
51.500691,-0.122926
51.500691,-0.123648
51.500691,-0.124369
51.501589,-0.12509
51.501589,-0.124369
51.502038,-0.124368
51.502487,-0.124368
51.502936,-0.124368
51.503386,-0.123646
51.503835,-0.124367
51.503386,-0.124367
51.502936,-0.125089
51.502487,-0.12509
51.502936,-0.125811
51.502038,-0.126533
51.501589,-0.126533
51.500691,-0.126534
51.500241,-0.125813
51.500691,-0.125812
51.500691,-0.125091
51.500241,-0.125091
51.497546,-0.125093
51.497097,-0.125093
51.496648,-0.125093
51.496648,-0.125815
51.497097,-0.125815
51.497097,-0.126536
51.496648,-0.126536
51.49575,-0.127258
51.496199,-0.12798
51.496648,-0.127979
51.497996,-0.127979
51.498445,-0.127978
51.499343,-0.127978
51.499792,-0.127977
51.500241,-0.127977
51.500691,-0.127977
51.500241,-0.127256
51.499792,-0.127256
51.499343,-0.127256
51.498894,-0.127256
51.498445,-0.127257
51.497996,-0.127257
51.497546,-0.127257
51.497546,-0.126536
51.497996,-0.126536
51.498445,-0.126535
51.499343,-0.126535
51.499792,-0.126534
51.500691,-0.127255
51.50114,-0.127255
51.501589,-0.127255
51.502038,-0.127255
51.502487,-0.127254
51.502936,-0.127254
51.502936,-0.126532
51.503386,-0.126532
51.503835,-0.127253
51.504284,-0.127253
51.504733,-0.127253
51.504284,-0.127975
51.503835,-0.127975
51.503386,-0.128697
51.502936,-0.129419
51.503835,-0.13014
51.504284,-0.13014
51.504733,-0.130139
51.505182,-0.130139
51.505182,-0.130861
51.505182,-0.131582
51.503835,-0.131583
51.503835,-0.130861
51.503386,-0.130862
51.502487,-0.130862
51.502038,-0.130862
51.501589,-0.131584
51.500691,-0.131585
51.500241,-0.131585
51.500691,-0.130863
51.500241,-0.130863
51.499343,-0.130864
51.498445,-0.131586
51.497996,-0.130864
51.497546,-0.130865
51.497097,-0.130865
51.497097,-0.130143
51.497097,-0.129422
51.497546,-0.129422
51.498445,-0.129421
51.498894,-0.130142
51.499343,-0.130142
51.499792,-0.130142
51.500241,-0.130142
51.500691,-0.12942
51.50114,-0.130141
51.501589,-0.130141
51.502038,-0.130141
51.502487,-0.130141
51.502038,-0.129419
51.501589,-0.128698
51.500691,-0.128698
51.500241,-0.128699
51.499792,-0.128699
51.499792,-0.12942
51.499343,-0.129421
51.498894,-0.129421
51.498894,-0.128699
51.498445,-0.1287
51.497996,-0.1287
51.497546,-0.1287
51.497097,-0.128701
51.496648,-0.128701
51.496648,-0.129422
51.496199,-0.129422
51.49575,-0.129423
51.49575,-0.130144
51.496199,-0.130144
51.496199,-0.130865
51.49575,-0.130866
51.495301,-0.130144
51.494852,-0.129423
51.494402,-0.129424
51.493504,-0.130867
51.493504,-0.129424
51.493504,-0.128703
51.493953,-0.128702
51.494402,-0.128702
51.49575,-0.128701
51.49575,-0.12798
51.495301,-0.12798
51.494852,-0.12798
51.494402,-0.127259
51.494402,-0.126538
51.494852,-0.126537
51.495301,-0.126537
51.49575,-0.125815
51.494852,-0.125095
51.494852,-0.125816
51.494402,-0.125816
51.493504,-0.125817
51.493953,-0.124374
51.493953,-0.123652
