48.85576,2.378601
48.85599,2.378381
48.856046,2.378755
48.856195,2.379046
48.855508,2.379134
48.856074,2.380657
48.856666,2.380922
48.85713,2.380999
48.857518,2.3809
48.857783,2.381035
48.858128,2.380864
48.857493,2.380398
48.857401,2.379855
48.856992,2.379206
48.857056,2.37853
48.85671,2.377834
48.85659,2.3772
48.856492,2.376959
48.856005,2.376921
48.85623,2.376813
48.856367,2.376554
48.85609,2.376208
48.855328,2.376445
48.854851,2.375879
48.855883,2.375527
48.855571,2.375336
48.855663,2.374992
48.855647,2.374589
48.854872,2.374223
48.855117,2.373708
48.854385,2.373273
48.854039,2.37382
48.853491,2.374623
48.853326,2.375864
48.854453,2.376052
48.854191,2.376353
48.853818,2.376655
48.853331,2.37647
48.853119,2.377501
48.852836,2.376912
48.852294,2.376836
48.851533,2.375467
48.851526,2.374745
48.850918,2.374339
48.850657,2.375368
48.851184,2.375917
48.851447,2.376153
48.851144,2.377077
48.850899,2.377406
48.850445,2.377171
48.850094,2.377294
48.849991,2.376767
48.850343,2.376131
48.849627,2.376013
48.84919,2.375819
48.848753,2.375414
48.849097,2.374907
48.849273,2.374791
48.849436,2.374596
48.849936,2.374848
48.850076,2.37465
48.84989,2.374498
48.849887,2.373925
48.850142,2.373907
48.850515,2.374123
48.850504,2.373208
48.850927,2.373112
48.851472,2.373418
48.851973,2.373736
48.852584,2.373701
48.852646,2.374423
48.853002,2.374538
48.8531,2.374022
48.85325,2.3737
48.853385,2.373341
48.853579,2.373005
48.853933,2.372789
48.854591,2.372533
48.853854,2.3724
48.85346,2.372233
48.853352,2.371936
48.853949,2.37144
48.854171,2.371235
48.85436,2.371291
48.854637,2.371132
48.854738,2.371454
48.855119,2.372069
48.855723,2.371516
48.855939,2.371631
48.856046,2.3714
48.856288,2.371127
48.856895,2.3718
48.85772,2.371606
48.857668,2.371184
48.858941,2.370228
48.858753,2.369078
48.859104,2.368853
48.859491,2.368849
48.859638,2.368553
48.859432,2.367854
48.859285,2.367453
48.859889,2.367337
48.860134,2.367202
48.860067,2.366562
48.860438,2.365753
48.860603,2.365016
48.859984,2.36472
48.859811,2.364643
48.859722,2.363772
48.860319,2.364007
48.859441,2.364261
48.859084,2.364606
48.858854,2.364597
48.858549,2.364595
48.858203,2.3644
48.85837,2.363826
48.85852,2.363417
48.858312,2.363127
48.858678,2.362735
48.858375,2.362497
48.858031,2.362721
48.857938,2.362521
48.857968,2.362403
48.857743,2.362062
48.857543,2.361932
48.857882,2.360945
48.857579,2.360922
48.85764,2.360644
48.857828,2.360538
48.857285,2.360322
48.85706,2.360471
48.856741,2.360405
48.856597,2.360632
48.856246,2.360554
48.856031,2.360465
48.855576,2.36088
48.856233,2.361395
48.856791,2.361495
48.857116,2.361713
48.857194,2.361764
48.857159,2.362105
48.857314,2.362324
48.857,2.362412
48.857101,2.362686
48.857294,2.363052
48.857468,2.363171
48.857753,2.363374
48.857777,2.363483
48.857712,2.364074
48.857518,2.364343
48.857303,2.364369
48.856691,2.363664
48.856849,2.363216
48.856857,2.362883
48.856527,2.362637
48.856351,2.362124
48.856056,2.36232
48.855844,2.361847
48.855566,2.362002
48.85514,2.361807
48.854817,2.361643
48.854922,2.361379
48.854367,2.361517
48.854055,2.3612
48.854029,2.361701
48.853871,2.361974
48.854044,2.362115
48.855794,2.362803
48.855718,2.363444
48.855465,2.363707
48.85493,2.363081
48.854676,2.362943
48.85433,2.363308
48.854446,2.36371
48.854082,2.363632
48.853685,2.363572
48.852494,2.363194
48.852287,2.362663
48.852382,2.362302
48.853016,2.362688
48.853169,2.362357
48.853461,2.361414
48.853262,2.361371
48.852984,2.361074
48.85282,2.360837
48.853327,2.360979
48.853605,2.360802
48.854079,2.360748
48.85416,2.360305
48.854412,2.359709
48.854001,2.359207
48.854435,2.358946
48.854586,2.358778
48.854931,2.359158
48.855334,2.359154
48.855178,2.359527
48.855455,2.359545
48.855373,2.359813
48.855118,2.360421
48.855773,2.360165
48.856879,2.360097
48.857375,2.359868
48.857578,2.36009
48.857922,2.360143
48.858104,2.359951
48.85815,2.359677
48.858411,2.359321
48.858603,2.359558
48.858644,2.359833
48.85919,2.359463
48.859151,2.360007
48.85957,2.359987
48.860073,2.360828
48.859782,2.360886
48.859418,2.361659
48.859243,2.361959
48.859081,2.362025
48.858501,2.36161
48.858211,2.361456
48.858099,2.361701
48.858149,2.362119
48.858944,2.362327
48.859497,2.362568
48.85988,2.363175
48.859722,2.3625
48.860128,2.361793
48.860332,2.361845
48.860822,2.362548
48.861012,2.362588
48.861202,2.363004
48.861574,2.363044
48.861847,2.362638
48.861704,2.362023
48.86159,2.361145
48.861557,2.360814
48.861109,2.360742
48.860323,2.360205
48.860431,2.359667
48.860622,2.359243
48.860833,2.359166
48.860408,2.35909
48.859845,2.359295
48.860018,2.358638
48.860191,2.358473
48.85993,2.358394
48.859767,2.358228
48.859942,2.357938
48.860138,2.35802
48.86035,2.357733
48.860566,2.357503
48.860428,2.357221
48.859922,2.357119
48.859677,2.356667
48.859942,2.356569
48.86014,2.356773
48.860515,2.356649
48.859859,2.355803
48.859079,2.356028
48.858491,2.355397
48.858276,2.35545
48.857769,2.35562
48.857048,2.355452
48.857177,2.354934
48.856847,2.354437
48.856463,2.353696
48.856955,2.353404
48.856549,2.353309
48.856642,2.353016
48.856671,2.352729
48.857091,2.352609
48.857307,2.352582
48.857141,2.352257
48.85696,2.352238
48.856746,2.351931
48.856888,2.351796
48.857171,2.351816
48.857335,2.351661
48.858187,2.35219
48.858137,2.351919
48.857998,2.352803
48.857871,2.353018
48.858507,2.353284
48.858267,2.353402
48.857813,2.353482
48.857693,2.353878
48.857483,2.354074
48.857471,2.354438
48.857804,2.354426
48.858098,2.35473
48.857985,2.354952
48.858392,2.355033
48.858664,2.354846
48.859254,2.35475
48.859798,2.354882
48.859912,2.354308
48.85955,2.353998
48.85951,2.35356
48.858969,2.353726
48.859103,2.353349
48.859302,2.353147
48.859423,2.353052
48.859417,2.352693
48.85883,2.352301
48.858838,2.351459
48.857739,2.350945
48.857724,2.350578
48.857859,2.350006
48.857755,2.34925
48.857149,2.349288
48.856243,2.348654
48.855875,2.347776
48.855434,2.347559
48.855068,2.347431
48.854689,2.347578
48.854327,2.347985
48.853872,2.348332
48.853813,2.347939
48.853654,2.34774
48.854147,2.347317
48.854217,2.347051
48.853738,2.346803
48.853244,2.347043
48.852631,2.34714
48.852702,2.346704
48.852803,2.346399
48.853159,2.346235
48.852927,2.346019
48.853021,2.345675
48.852773,2.34552
48.853055,2.34534
48.853936,2.346358
48.854552,2.34645
48.854926,2.346685
48.855154,2.346973
48.855999,2.34691
48.856206,2.346693
48.8566,2.346525
48.856004,2.346225
48.856421,2.345817
48.856448,2.34544
48.856095,2.345455
48.856125,2.345043
48.85667,2.344952
48.856731,2.344496
48.856199,2.34408
48.855928,2.34437
48.855647,2.344246
48.855746,2.344
48.855478,2.344765
48.855687,2.345098
48.855595,2.345495
48.855283,2.345275
48.855076,2.345814
48.854876,2.345605
48.854643,2.345458
48.854518,2.344761
48.854331,2.344678
48.853995,2.344008
48.853663,2.343875
48.8532,2.344161
48.853224,2.34375
48.85292,2.343671
48.853093,2.343359
48.85324,2.343183
48.853397,2.343415
48.853959,2.343603
48.854884,2.343929
48.854653,2.344325
48.85529,2.343327
48.856106,2.343741
48.856784,2.34362
48.856643,2.343408
48.856463,2.343317
48.856174,2.343069
48.856248,2.342535
48.856472,2.342599
48.856649,2.34226
48.85699,2.341584
48.856414,2.340886
48.856683,2.34077
48.856689,2.339788
48.856789,2.339208
48.856308,2.337682
48.856089,2.337376
48.856373,2.337267
48.856126,2.336603
48.855506,2.336754
48.855251,2.336731
48.854945,2.3367
48.855474,2.335455
48.855036,2.335223
48.854963,2.335658
48.854849,2.335945
48.854655,2.33632
48.854622,2.336652
48.85432,2.336942
48.853972,2.33692
48.853552,2.336892
48.853293,2.336886
48.852912,2.337744
48.85257,2.337751
48.852377,2.337548
48.852742,2.337131
48.852838,2.336773
48.852943,2.336396
48.853221,2.336049
48.853348,2.335507
48.853646,2.335807
48.853941,2.336002
48.853924,2.335687
48.854425,2.33569
48.854243,2.335567
48.85413,2.334967
48.854293,2.334559
48.854807,2.33479
48.855121,2.334972
48.855337,2.334582
48.855122,2.333886
48.854811,2.333831
48.854314,2.333889
48.854199,2.334062
48.854097,2.33375
48.853916,2.33361
48.854006,2.333202
48.854402,2.333388
48.854706,2.333022
48.854536,2.332846
48.8541,2.33255
48.854038,2.332845
48.853498,2.332736
48.853507,2.333173
48.85295,2.333126
48.852716,2.33351
48.852401,2.333641
48.852643,2.333854
48.852596,2.334403
48.853035,2.334072
48.853365,2.333904
48.853576,2.333775
48.853868,2.334006
48.853649,2.33441
48.853427,2.334361
48.853541,2.335007
48.85323,2.335191
48.853004,2.334845
48.852803,2.335187
48.852499,2.335296
48.852271,2.335113
48.851953,2.334879
48.85183,2.334228
48.851463,2.334203
48.851521,2.333891
48.851663,2.333695
48.851941,2.333733
48.852061,2.332983
48.851635,2.332982
48.851237,2.33272
48.850958,2.332728
48.851248,2.332368
48.8506,2.332248
48.850661,2.332672
48.850277,2.332856
48.849745,2.332579
48.849522,2.3326
48.849586,2.332889
48.849145,2.332667
48.848872,2.332944
48.848679,2.332443
48.848367,2.33237
48.846981,2.332305
48.845934,2.332674
48.845595,2.332893
48.845641,2.332351
48.845248,2.332157
48.84475,2.332095
48.844728,2.332792
48.845008,2.332805
48.845192,2.333116
48.845285,2.33346
48.845028,2.333494
48.845003,2.333182
48.844676,2.333077
48.844685,2.333484
48.844702,2.334193
48.84502,2.334231
48.844676,2.334832
48.844753,2.335374
48.844536,2.336251
48.844377,2.336583
48.844598,2.336937
48.844238,2.337041
48.843953,2.336988
48.842828,2.337342
48.841999,2.337488
48.8426,2.337704
48.843433,2.33821
48.843514,2.338956
48.843731,2.339349
48.843842,2.339757
48.843778,2.340019
48.844715,2.339607
48.845075,2.339824
48.845285,2.339936
48.845163,2.33946
48.844665,2.339014
48.844211,2.339285
48.844057,2.339178
48.844083,2.338845
48.843823,2.338519
48.844071,2.338096
48.844343,2.337539
48.845712,2.337474
48.845881,2.337839
48.846145,2.337942
48.84627,2.338158
48.846548,2.338291
48.846778,2.338323
48.846706,2.338588
48.84644,2.338859
48.846188,2.339192
48.84619,2.339509
48.846336,2.339764
48.846615,2.339663
48.846866,2.339966
48.846573,2.339963
48.846188,2.340097
48.845904,2.339839
48.845639,2.339689
48.845756,2.340123
48.846069,2.340345
48.846256,2.340475
48.845673,2.341211
48.845716,2.342028
48.845663,2.342473
48.846024,2.342781
48.846434,2.342252
48.846485,2.34273
48.846203,2.342893
48.846336,2.343236
48.846644,2.343155
48.846954,2.343034
48.84717,2.343009
48.847632,2.342753
48.847563,2.34227
48.84711,2.342443
48.847255,2.341923
48.84687,2.341848
48.846576,2.341626
48.846333,2.341191
48.846542,2.34107
48.846325,2.34091
48.846528,2.340555
48.846879,2.340877
48.847349,2.341297
48.847629,2.341024
48.848106,2.341132
48.848938,2.341431
48.850663,2.340286
48.850868,2.340471
48.851141,2.340265
48.850964,2.340068
48.850881,2.339815
48.851089,2.339673
48.851027,2.339401
48.851279,2.339355
48.851508,2.339054
48.851014,2.338635
48.850414,2.337975
48.850226,2.337936
48.849762,2.338719
48.850166,2.338629
48.850327,2.338786
48.850339,2.339248
48.850464,2.339668
48.849915,2.33968
48.850032,2.339895
48.849827,2.339986
48.849614,2.340222
48.849029,2.340202
48.84885,2.340393
48.848869,2.34069
48.848408,2.340653
48.848223,2.340712
48.847562,2.339874
48.847181,2.339957
48.847175,2.339634
48.847218,2.338981
48.847159,2.338638
48.847001,2.338357
48.847243,2.338339
48.847812,2.338619
48.848161,2.338532
48.848307,2.338816
48.848392,2.339093
48.847999,2.339289
48.848063,2.339471
48.848351,2.339657
48.848772,2.339375
48.8486,2.338682
48.848724,2.338483
48.848944,2.338303
48.849247,2.338069
48.849026,2.33797
48.848514,2.338268
48.847949,2.338144
48.847904,2.337435
48.848073,2.33725
48.847716,2.337235
48.847302,2.337557
48.847263,2.337894
48.846906,2.33773
48.846935,2.337373
48.846509,2.337423
48.84603,2.337466
48.846032,2.337154
48.846021,2.336852
48.845723,2.336853
48.845288,2.336951
48.84486,2.336728
48.844874,2.336364
48.845133,2.335782
48.845475,2.336054
48.845746,2.336073
48.846,2.336378
48.846174,2.336511
48.846433,2.336227
48.846582,2.336515
48.846862,2.336794
48.84731,2.336918
48.847189,2.336686
48.846952,2.336442
48.846926,2.336268
48.846682,2.336106
48.846721,2.335823
48.846624,2.335406
48.846174,2.335362
48.84543,2.335248
48.845319,2.334711
48.845631,2.334179
48.845973,2.334488
48.846235,2.33451
48.846669,2.334198
48.846205,2.333685
48.84585,2.333504
48.846253,2.333395
48.846403,2.333189
48.846686,2.333281
48.847076,2.332992
48.847334,2.333301
48.847238,2.333482
48.84739,2.333602
48.847646,2.333167
48.847948,2.3333
48.847668,2.334212
48.847319,2.334587
48.847463,2.335458
48.847204,2.33582
48.84707,2.336092
48.84747,2.33623
48.847639,2.336403
48.847879,2.336822
48.848126,2.336674
48.848494,2.336229
48.848085,2.336136
48.847864,2.335849
48.848254,2.335587
48.848268,2.334914
48.848234,2.334633
48.847968,2.334507
48.848169,2.334361
48.84826,2.333939
48.84843,2.333704
48.848521,2.333396
48.848917,2.333374
48.849185,2.333768
48.849482,2.333998
48.84905,2.334045
48.848808,2.33406
48.849117,2.334676
48.848949,2.335027
48.849204,2.334988
48.849464,2.334762
48.849856,2.334712
48.850103,2.334803
48.850184,2.334391
48.850078,2.333957
48.85044,2.333451
48.850657,2.333036
48.850855,2.333272
48.851054,2.33396
48.850947,2.334386
48.850735,2.33491
48.850758,2.335056
48.851228,2.334896
48.851548,2.335244
48.851222,2.335413
48.851016,2.335633
48.851313,2.336062
48.850752,2.335879
48.850425,2.335768
48.850007,2.335914
48.849568,2.335703
48.849204,2.335646
48.849321,2.336056
48.849367,2.336889
48.84918,2.337005
48.849215,2.337391
48.849458,2.337455
48.849712,2.337177
48.849899,2.337136
48.850146,2.337363
48.850238,2.337109
48.850449,2.337309
48.850586,2.337083
48.850879,2.337132
48.851105,2.337162
48.851395,2.337156
48.851563,2.337028
48.851892,2.336985
48.851813,2.336639
48.852072,2.33637
48.852468,2.336538
48.852183,2.336729
48.85218,2.337096
48.851916,2.337407
48.851706,2.337871
48.851468,2.338149
48.851638,2.338623
48.851837,2.338877
48.852186,2.338601
48.852775,2.338308
48.852703,2.338872
48.853052,2.338737
48.853169,2.338484
48.853492,2.338518
48.853631,2.338301
48.853428,2.337881
48.853725,2.337846
48.853762,2.337511
48.85387,2.337253
48.854585,2.337255
48.854485,2.337634
48.854746,2.338001
48.855161,2.33774
48.855354,2.337619
48.855804,2.337583
48.855779,2.338887
48.856095,2.33914
48.856246,2.339468
48.855963,2.339843
48.855188,2.339022
48.854176,2.338244
48.853916,2.338603
48.85415,2.338854
48.854702,2.339421
48.855156,2.339619
48.855379,2.340029
48.855799,2.34035
48.85612,2.340249
48.856333,2.340424
48.856153,2.340775
48.855969,2.340801
48.85518,2.341529
48.854952,2.340531
48.854366,2.340144
48.85342,2.339961
48.853473,2.3396
48.853811,2.339478
48.853578,2.339202
48.853286,2.339042
48.853066,2.339149
48.85273,2.339187
48.852467,2.339331
48.85227,2.339194
48.852047,2.339757
48.852308,2.339914
48.852261,2.34064
48.852435,2.340511
48.852722,2.340624
48.853418,2.340906
48.853481,2.340388
48.853855,2.340429
48.854251,2.340545
48.854603,2.34092
48.854302,2.341109
48.854262,2.341562
48.853559,2.341604
48.853548,2.342062
48.85459,2.342452
48.854236,2.342952
48.854023,2.342889
48.853468,2.34247
48.853269,2.34229
48.853318,2.342705
48.853093,2.342645
48.852915,2.343037
48.852476,2.343007
48.852229,2.342351
48.852327,2.34194
48.852636,2.342009
48.853033,2.341997
48.85328,2.341863
48.852958,2.341402
48.852452,2.341336
48.851792,2.341048
48.851588,2.340903
48.851348,2.340572
48.851256,2.340937
48.850851,2.341043
48.850773,2.341508
48.85105,2.341529
48.851206,2.341684
48.851378,2.341824
48.850613,2.341895
48.850523,2.342175
48.850236,2.341776
48.850004,2.342276
48.849816,2.342174
48.849371,2.342671
48.849189,2.342572
48.84863,2.342611
48.84874,2.342105
48.848169,2.3419
48.847975,2.342187
48.848011,2.342471
48.848301,2.342851
48.848525,2.342882
48.848783,2.343271
48.848571,2.343321
48.848281,2.343517
48.848262,2.344006
48.848662,2.344258
48.849082,2.344879
48.849254,2.34501
48.849545,2.344723
48.8497,2.345098
48.850018,2.345211
48.850444,2.344714
48.850825,2.344677
48.850694,2.344379
48.850853,2.344149
48.850628,2.344033
48.850458,2.343898
48.850474,2.344176
48.850336,2.344411
48.850228,2.344189
48.850026,2.344288
48.850059,2.343942
48.849771,2.344057
48.849408,2.343883
48.849204,2.343888
48.849099,2.343569
48.849416,2.343245
48.849658,2.34333
48.849832,2.343645
48.850127,2.343326
48.850081,2.343019
48.850461,2.343357
48.850753,2.34348
48.850853,2.343108
48.851332,2.34286
48.851195,2.343282
48.8513,2.343815
48.851681,2.34398
48.852129,2.344437
48.852448,2.344788
48.852734,2.344652
48.853142,2.344938
48.852666,2.345199
48.852423,2.345111
48.852015,2.345085
48.851831,2.34505
48.851672,2.344884
48.851021,2.345043
48.850662,2.345538
48.850848,2.345951
48.851181,2.346296
48.851213,2.346759
48.85161,2.347056
48.8519,2.346759
48.851637,2.346696
48.851331,2.345936
48.851614,2.345485
48.851838,2.345789
48.852072,2.345738
48.852165,2.346138
48.852204,2.346444
48.85228,2.346887
48.852137,2.347182
48.852408,2.347437
48.852237,2.347707
48.8523,2.347996
48.852355,2.347998
48.852405,2.34849
48.852807,2.348433
48.85309,2.348248
48.853415,2.348413
48.853356,2.348783
48.853624,2.349053
48.853761,2.348867
48.854109,2.348645
48.854653,2.348646
48.85478,2.348919
48.854951,2.349037
48.855177,2.349252
48.855192,2.349687
48.855194,2.350238
48.855797,2.351055
48.856064,2.351045
48.856463,2.351428
48.856393,2.351724
48.856548,2.35182
48.856633,2.351817
48.85658,2.351961
48.856456,2.352072
48.85603,2.351698
48.855872,2.351646
48.855542,2.351857
48.855874,2.352233
48.856174,2.352507
48.855612,2.352455
48.855262,2.352491
48.855718,2.352799
48.855966,2.352971
48.855477,2.353184
48.855135,2.353393
48.855042,2.353703
48.855123,2.354106
48.85505,2.354232
48.855492,2.354152
48.855701,2.354207
48.855905,2.354281
48.855761,2.35459
48.85527,2.355145
48.854963,2.355197
48.854719,2.355073
48.85484,2.354739
48.854118,2.354907
48.854366,2.35582
48.854695,2.355947
48.855134,2.355936
48.85583,2.355749
48.856144,2.355609
48.856266,2.355166
48.856384,2.355825
48.856714,2.35613
48.856384,2.356248
48.856068,2.356252
48.856442,2.356794
48.856303,2.357155
48.856016,2.357114
48.856153,2.357475
48.856158,2.357993
48.856257,2.358294
48.856716,2.358541
48.856882,2.358676
48.856901,2.35825
48.857722,2.3582
48.857639,2.357728
48.857155,2.35749
48.856977,2.357442
48.856837,2.357246
48.856681,2.356935
48.856675,2.35677
48.857107,2.357113
48.857707,2.356526
48.8579,2.3561
48.858214,2.356056
48.858484,2.356602
48.858826,2.356714
48.859009,2.357098
48.859584,2.357105
48.859687,2.357386
48.859329,2.357425
48.85906,2.357481
48.858817,2.357533
48.858706,2.357234
48.858505,2.357084
48.858292,2.356875
48.858079,2.356656
48.857884,2.35689
48.858146,2.358081
48.858154,2.358277
48.858292,2.358363
48.858633,2.357888
48.85907,2.358223
48.858671,2.358871
48.857975,2.359015
48.857907,2.358688
48.857681,2.358513
48.857384,2.358986
48.857111,2.359573
48.856883,2.359692
48.856164,2.35929
48.856137,2.358809
48.855689,2.35869
48.855406,2.358689
48.855448,2.358388
48.854769,2.358366
48.854924,2.358194
48.855578,2.357578
48.855703,2.357158
48.855786,2.356904
48.854922,2.356623
48.854877,2.35635
48.85427,2.356135
48.853971,2.356583
48.852764,2.356033
48.852853,2.355772
48.852985,2.35532
48.853139,2.354762
48.853399,2.354221
48.853491,2.353608
48.852973,2.353389
48.853387,2.353227
48.853615,2.353171
48.853717,2.353078
48.853214,2.352031
48.853703,2.351865
48.853832,2.351585
48.854339,2.351337
48.854677,2.351053
48.854531,2.350854
48.854696,2.35042
48.854922,2.350283
48.854731,2.350143
48.854468,2.350285
48.854207,2.350203
48.854467,2.349931
48.854046,2.349663
48.853479,2.349782
48.853275,2.350582
48.853996,2.35063
48.853714,2.350958
48.853516,2.351062
48.853287,2.35136
48.852865,2.351266
48.852518,2.350864
48.852219,2.350702
48.852424,2.351167
48.852489,2.351568
48.852623,2.352027
48.852876,2.352065
48.852532,2.352321
48.8523,2.35216
48.851738,2.352457
48.851715,2.351737
48.851057,2.351004
48.851175,2.350732
48.851243,2.35007
48.851814,2.349224
48.851812,2.348477
48.852016,2.348395
48.851946,2.348092
48.851739,2.347922
48.851982,2.347711
48.851876,2.347394
48.851676,2.347455
48.851434,2.347773
48.85141,2.3482
48.851006,2.347988
48.850846,2.348195
48.850655,2.347591
48.850369,2.346818
48.84992,2.346551
48.849711,2.345989
48.849397,2.345912
48.849211,2.345608
48.848991,2.345758
48.849061,2.346371
48.849295,2.346384
48.849241,2.346779
48.849573,2.347068
48.849169,2.347503
48.849574,2.347696
48.849231,2.348259
48.849144,2.348619
48.849712,2.348797
48.849967,2.348624
48.850187,2.348646
48.849672,2.349358
48.850495,2.349586
48.850186,2.349897
48.850498,2.350154
48.849917,2.350612
48.850925,2.351511
48.85098,2.352009
48.850694,2.352148
48.850667,2.352986
48.850435,2.352922
48.850204,2.352574
48.849932,2.351977
48.84965,2.351528
48.849265,2.351616
48.848719,2.352124
48.848488,2.351964
48.8483,2.351902
48.84798,2.35167
48.847592,2.35195
48.846797,2.352085
48.846541,2.351846
48.8463,2.351898
48.846092,2.351006
48.8463,2.351094
48.846784,2.35084
48.847225,2.351287
48.847293,2.351216
48.847623,2.350663
48.847629,2.350213
48.847798,2.350539
48.847859,2.350815
48.84842,2.350566
48.848686,2.350423
48.848517,2.350009
48.848892,2.350108
48.849242,2.350139
48.849053,2.349606
48.848579,2.348938
48.84854,2.349581
48.848255,2.349552
48.848075,2.349701
48.847522,2.349555
48.847169,2.349904
48.847115,2.349478
48.847189,2.348697
48.847351,2.348506
48.847671,2.348452
48.848066,2.348467
48.848342,2.348445
48.848394,2.34755
48.848157,2.347208
48.847997,2.347152
48.848335,2.346596
48.848266,2.346112
48.847985,2.345969
48.847354,2.346233
48.847471,2.346681
48.847034,2.346633
48.846863,2.346112
48.84694,2.34583
48.846599,2.345818
48.846312,2.345656
48.846564,2.345475
48.846748,2.345275
48.847002,2.345482
48.847079,2.345199
48.846714,2.344712
48.847035,2.344213
48.847732,2.343488
48.847795,2.343172
48.847442,2.343569
48.847081,2.343684
48.846907,2.343556
48.846687,2.343732
48.846486,2.344236
48.846373,2.344479
48.846222,2.344653
48.84579,2.343962
48.845562,2.344198
48.84553,2.344234
48.845573,2.34452
48.845785,2.344651
48.845962,2.344742
48.846067,2.345033
48.846347,2.345249
48.845951,2.345415
48.84571,2.345113
48.845217,2.344877
48.844556,2.344235
48.84453,2.343787
48.844758,2.343396
48.844235,2.343442
48.843898,2.34375
48.843993,2.344115
48.844125,2.344623
48.844423,2.345134
48.844875,2.34544
48.845155,2.345427
48.845352,2.345662
48.845647,2.345566
48.846234,2.346096
48.846748,2.3472
48.847364,2.347371
48.846931,2.348056
48.846817,2.347658
48.846554,2.347675
48.846351,2.347474
48.845996,2.346902
48.84555,2.346961
48.844763,2.346552
48.844681,2.346894
48.84458,2.347315
48.844737,2.347777
48.844557,2.347829
48.844023,2.348068
48.843884,2.348065
48.84354,2.347458
48.843928,2.34707
48.843854,2.346778
48.84409,2.346647
48.843793,2.346211
48.844224,2.346019
48.843889,2.345857
48.843677,2.345582
48.843889,2.345469
48.843838,2.34505
48.843864,2.344764
48.843554,2.344573
48.842958,2.344574
48.8427,2.344524
48.842354,2.344326
48.84194,2.344847
48.842032,2.344306
48.841474,2.343861
48.840987,2.344043
48.840818,2.344477
48.841202,2.345044
48.840464,2.345354
48.840454,2.345809
48.839906,2.34585
48.840335,2.346253
48.840555,2.346345
48.840633,2.346509
48.841937,2.346957
48.842019,2.346624
48.842016,2.346062
48.841738,2.345657
48.842359,2.345727
48.842406,2.346335
48.843402,2.346576
48.843082,2.34666
48.842956,2.346886
48.84258,2.347276
48.843025,2.34824
48.842275,2.348175
48.842084,2.348187
48.841873,2.348146
48.841713,2.348601
48.840891,2.34874
48.840466,2.349036
48.840806,2.349342
48.840952,2.349567
48.841464,2.349588
48.841585,2.349688
48.842107,2.349915
48.842275,2.34971
48.842518,2.349731
48.842541,2.34966
48.843803,2.349402
48.844206,2.34931
48.844458,2.349428
48.844858,2.349602
48.844711,2.349163
48.844882,2.348522
48.844894,2.348926
48.845056,2.349205
48.845222,2.34909
48.845527,2.349161
48.845763,2.349054
48.846022,2.34914
48.846316,2.348998
48.846393,2.349384
48.845963,2.350058
48.845491,2.35027
48.845262,2.349871
48.844779,2.35032
48.844148,2.350402
48.844706,2.350662
48.844655,2.351061
48.844613,2.351623
48.844514,2.352172
48.843761,2.352164
48.843537,2.352171
48.843888,2.351695
48.844042,2.35144
48.843436,2.350862
48.843351,2.351368
48.84297,2.351352
48.842961,2.35178
48.842652,2.352322
48.842618,2.352779
48.842235,2.352717
48.842187,2.353192
48.842459,2.353471
48.842192,2.353572
48.842287,2.353872
48.842679,2.354265
48.842462,2.354373
48.842441,2.354914
48.842228,2.354695
48.841897,2.354699
48.841134,2.354527
48.840689,2.353815
48.839722,2.354032
48.8388,2.353926
48.838715,2.354254
48.838851,2.354717
48.837614,2.355011
48.83789,2.355857
48.837048,2.356019
48.836857,2.356702
48.835539,2.356308
48.835,2.355625
48.835172,2.355457
48.83623,2.354946
48.836452,2.354798
48.836782,2.354114
48.837528,2.353616
48.836833,2.353204
48.836365,2.353618
48.836063,2.35358
48.836086,2.353165
48.836818,2.352521
48.836118,2.352054
48.83589,2.352182
48.835781,2.351952
48.836417,2.35128
48.836547,2.351659
48.837378,2.351719
48.837638,2.352227
48.837872,2.352459
48.838633,2.353383
48.838917,2.352982
48.839852,2.353366
48.840398,2.353011
48.8407,2.352979
48.841184,2.353325
48.841575,2.353779
48.841716,2.353707
48.841614,2.352731
48.841172,2.352916
48.841004,2.352769
48.841124,2.352481
48.841689,2.351727
48.841575,2.351244
48.841845,2.351109
48.84202,2.350934
48.841595,2.35068
48.841235,2.350372
48.840427,2.349761
48.840156,2.349757
48.840147,2.350294
48.840377,2.350614
48.83998,2.351025
48.840321,2.351242
48.840427,2.351535
48.840031,2.351918
48.839202,2.351198
48.839511,2.351071
48.83946,2.350581
48.839683,2.350318
48.839741,2.349851
48.839344,2.350016
48.839143,2.350059
48.839018,2.350299
48.838788,2.350489
48.838724,2.350686
48.83887,2.35097
48.838483,2.35158
48.838113,2.351609
48.83766,2.351506
48.837564,2.351037
48.838081,2.351181
48.837962,2.350844
48.838215,2.350602
48.838414,2.350451
48.838035,2.350032
48.837619,2.34934
48.838187,2.34945
48.838623,2.349798
48.838995,2.349607
48.839189,2.349086
48.839287,2.348802
48.838809,2.348841
48.838411,2.348577
48.838236,2.34818
48.839289,2.347776
48.839554,2.347414
48.839803,2.347555
48.840014,2.347566
48.840151,2.347978
48.840303,2.348462
48.841363,2.348018
48.841326,2.347747
48.841204,2.347488
48.840866,2.347258
48.839652,2.347006
48.838252,2.346949
48.837843,2.346573
48.838133,2.34616
48.838586,2.346135
48.839185,2.345943
48.838999,2.345731
48.838457,2.345526
48.838266,2.345868
48.837731,2.345869
48.837969,2.345541
48.83791,2.34485
48.83757,2.344978
48.836604,2.345464
48.836115,2.345919
48.835584,2.345541
48.834715,2.345892
48.835159,2.34604
48.835478,2.346363
48.835825,2.346666
48.836007,2.346563
48.836401,2.346738
48.837002,2.347048
48.83737,2.347058
48.837395,2.347308
48.837867,2.347402
48.838022,2.347717
48.837071,2.34769
48.837033,2.347992
48.83735,2.348274
48.836858,2.348928
48.836494,2.348621
48.836254,2.348658
48.836045,2.347632
48.835406,2.347094
48.835081,2.346756
48.834991,2.347009
48.834728,2.347404
48.834593,2.347962
48.834863,2.347901
48.835232,2.348047
48.8354,2.348294
48.835696,2.348675
48.835995,2.348819
48.83614,2.349213
48.836231,2.349496
48.836189,2.34964
48.836375,2.349986
48.836759,2.350327
48.836509,2.350477
48.836188,2.350553
48.835832,2.35089
48.835454,2.350931
48.835463,2.35024
48.834927,2.350432
48.834854,2.350989
48.834618,2.351818
48.834974,2.35238
48.835435,2.352463
48.835242,2.352692
48.835056,2.352808
48.834878,2.352941
48.834786,2.35297
48.83463,2.353069
48.835009,2.353536
48.835354,2.35406
48.834744,2.354592
48.834771,2.354957
48.834376,2.355615
48.83474,2.355857
48.834722,2.357043
48.83473,2.357433
48.834301,2.357245
48.834297,2.357962
48.834592,2.358103
48.834865,2.358292
48.83495,2.358377
48.835474,2.358245
48.835641,2.358418
48.83768,2.363612
48.837934,2.363847
48.837624,2.36402
48.837438,2.363984
48.837737,2.364274
48.838012,2.364393
48.837683,2.364641
48.837284,2.364884
48.837011,2.364514
48.836496,2.364835
48.836472,2.365453
48.835958,2.364996
48.835952,2.364508
48.83508,2.365271
48.835448,2.366246
48.83419,2.366822
48.83434,2.367165
48.83488,2.367645
48.834711,2.36815
48.835076,2.368677
48.835235,2.369584
48.835386,2.368762
48.835746,2.368384
48.838272,2.365383
48.838678,2.365249
48.839042,2.364648
48.838958,2.364406
48.839181,2.3643
48.839586,2.364639
48.839436,2.36415
48.839348,2.363834
48.839164,2.363955
48.838712,2.364028
48.838622,2.364396
48.838287,2.364138
48.838474,2.363974
48.838458,2.363317
48.838989,2.363224
48.839954,2.3626
48.840444,2.362672
48.841058,2.362967
48.841379,2.362569
48.841991,2.362553
48.842088,2.362885
48.842561,2.36307
48.841749,2.363428
48.841374,2.363217
48.841072,2.363264
48.840536,2.363407
48.840539,2.363282
48.840228,2.363183
48.840125,2.363162
48.839881,2.363079
48.83976,2.363372
48.839862,2.363629
48.84007,2.363682
48.840047,2.363988
48.840646,2.363779
48.841803,2.36484
48.84223,2.364977
48.842606,2.364567
48.843347,2.364149
48.843574,2.36401
48.843965,2.363972
48.844144,2.363852
48.843939,2.363573
48.843611,2.363611
48.843273,2.363697
48.843312,2.363253
48.843,2.362879
48.84344,2.362565
48.84328,2.362158
48.843121,2.361716
48.842585,2.361902
48.842104,2.361768
48.843027,2.361125
48.842743,2.360748
48.842554,2.360518
48.842347,2.360661
48.841325,2.360325
48.842189,2.360185
48.842518,2.360124
48.842295,2.359844
48.842157,2.359544
48.84245,2.35914
48.843585,2.358825
48.843723,2.359429
48.844066,2.359282
48.844232,2.35981
48.844585,2.360099
48.844444,2.360277
48.844246,2.360141
48.844004,2.360287
48.843799,2.360476
48.844066,2.360598
48.844321,2.36118
48.844058,2.361315
48.843857,2.361354
48.844508,2.36185
48.844809,2.36212
48.845223,2.362287
48.845953,2.362594
48.846125,2.36306
48.845661,2.363506
48.844869,2.363053
48.8443,2.363096
48.844621,2.363278
48.844753,2.363785
48.844964,2.364367
48.844716,2.365928
48.844362,2.365285
48.843541,2.365193
48.842734,2.365949
48.842584,2.366206
48.842407,2.366347
48.842687,2.36665
48.843357,2.366804
48.843158,2.367016
48.844043,2.368562
48.845358,2.368662
48.845204,2.369357
48.846005,2.370514
48.845252,2.370894
48.845057,2.3718
48.845381,2.372054
48.845279,2.372548
48.845996,2.372118
48.846271,2.372368
48.845865,2.372589
48.845919,2.373219
48.845066,2.373355
48.844955,2.373875
48.844641,2.375434
48.84439,2.375801
48.844266,2.376066
48.844665,2.376221
48.845358,2.376459
48.845122,2.376954
48.844546,2.377349
48.844541,2.377802
48.845634,2.377561
48.845856,2.377992
48.846164,2.377938
48.846383,2.377846
48.846887,2.377008
48.84606,2.376178
48.846227,2.375597
48.846105,2.375183
48.846205,2.374422
48.84601,2.374204
48.845734,2.373882
48.846368,2.373749
48.846819,2.373997
48.84718,2.373731
48.847568,2.373744
48.847294,2.373021
48.84685,2.372388
48.847273,2.371923
48.846929,2.371753
48.846332,2.371477
48.84683,2.370851
48.847418,2.370297
48.847066,2.370046
48.84689,2.370374
48.846403,2.370297
48.846691,2.369503
48.846902,2.369202
48.847294,2.368911
48.847998,2.367916
48.847799,2.367891
48.846357,2.368035
48.845971,2.367615
48.845485,2.367422
48.846097,2.366529
48.847003,2.366546
48.846906,2.365815
48.847795,2.365269
48.848461,2.366029
48.849243,2.365461
48.849967,2.364305
48.850046,2.363967
48.850367,2.363589
48.850507,2.363398
48.849893,2.363148
48.84983,2.363499
48.84904,2.363796
48.848373,2.363465
48.849039,2.362467
48.849101,2.361931
48.8493,2.361672
48.849613,2.360102
48.848594,2.359515
48.848417,2.359591
48.848214,2.359695
48.848186,2.360112
48.847957,2.360182
48.848032,2.360433
48.847557,2.360586
48.847453,2.360916
48.847623,2.361082
48.847278,2.361057
48.847335,2.361427
48.847067,2.361494
48.847078,2.361904
48.846906,2.362039
48.846831,2.361709
48.846721,2.361472
48.846013,2.361643
48.846254,2.360752
48.845506,2.3608
48.845048,2.360899
48.845333,2.360705
48.845489,2.360371
48.845781,2.360137
48.844852,2.359676
48.844663,2.359598
48.844674,2.359308
48.844882,2.359396
48.845206,2.359518
48.845514,2.359623
48.845715,2.359493
48.845546,2.359194
48.845335,2.359155
48.84529,2.358624
48.844784,2.358093
48.844273,2.358146
48.843636,2.35803
48.843333,2.358333
48.842841,2.358405
48.842256,2.358637
48.841785,2.358495
48.842082,2.358391
48.842264,2.358346
48.842099,2.358028
48.84258,2.357613
48.842029,2.357769
48.841997,2.357643
48.841906,2.357471
48.841739,2.356926
48.841717,2.356788
48.841704,2.356765
48.841767,2.356188
48.841603,2.35599
48.841422,2.356233
48.841144,2.356098
48.840821,2.355977
48.84071,2.355883
48.841497,2.355604
48.841709,2.355482
48.842042,2.355568
48.842582,2.355539
48.843099,2.355474
48.843644,2.355456
48.843762,2.355115
48.843984,2.355017
48.844283,2.354742
48.844497,2.354907
48.845084,2.355394
48.844972,2.354924
48.844677,2.354658
48.844383,2.354492
48.844044,2.354549
48.843121,2.354369
48.843044,2.353867
48.842719,2.353563
48.842904,2.353296
48.843636,2.353201
48.843652,2.353511
48.844006,2.353716
48.844774,2.353772
48.844962,2.35391
48.845104,2.354206
48.845266,2.354532
48.845551,2.354746
48.845811,2.355048
48.845904,2.354524
48.845949,2.354292
48.845955,2.354228
48.845333,2.353971
48.845422,2.353707
48.845163,2.353679
48.845021,2.353287
48.844667,2.353051
48.844483,2.353234
48.844315,2.353028
48.844467,2.352682
48.845125,2.352289
48.845043,2.352096
48.8454,2.351939
48.846151,2.35249
48.846883,2.352598
48.847669,2.35238
48.847606,2.352671
48.847978,2.353056
48.849382,2.353148
48.849605,2.353025
48.849791,2.353141
48.84961,2.353825
48.849155,2.354399
48.848554,2.354799
48.848167,2.354869
48.84797,2.355334
48.847711,2.354716
48.847109,2.35391
48.84663,2.354189
48.846357,2.354674
48.846636,2.354851
48.846486,2.355085
48.846788,2.355482
48.846162,2.356111
48.846436,2.356679
48.845711,2.356701
48.844727,2.356674
48.844542,2.356794
48.844364,2.35689
48.844203,2.356641
48.843995,2.356297
48.84379,2.356603
48.843647,2.356391
48.843327,2.356475
48.843121,2.356327
48.843117,2.355931
48.842607,2.356189
48.842346,2.35682
48.842908,2.356857
48.843072,2.357113
48.843081,2.357334
48.843315,2.356935
48.843554,2.35685
48.843779,2.357048
48.843927,2.357564
48.844272,2.357493
48.844424,2.357216
48.844691,2.35757
48.845006,2.357434
48.846022,2.358143
48.846104,2.358573
48.846852,2.359743
48.847252,2.359048
48.847223,2.358398
48.847222,2.358055
48.847553,2.357823
48.848195,2.358569
48.84813,2.359075
48.84809,2.359369
48.848403,2.359184
48.848567,2.359
48.848934,2.359092
48.848732,2.358616
48.848976,2.358568
48.84923,2.358203
48.849187,2.357769
48.848827,2.357782
48.847755,2.357585
48.847479,2.357043
48.848272,2.357111
48.84877,2.356872
48.84921,2.356921
48.848935,2.356395
48.848597,2.355873
48.849594,2.355798
48.849476,2.355511
48.849848,2.354884
48.850246,2.355358
48.851263,2.355701
48.851321,2.355423
48.851476,2.35528
48.851578,2.354533
48.852249,2.35369
48.85261,2.354568
48.852407,2.354874
48.852207,2.35542
48.851863,2.355644
48.852039,2.356112
48.85229,2.355925
48.852606,2.356546
48.852414,2.356977
48.852938,2.357488
48.85329,2.357546
48.853615,2.357501
48.853893,2.35768
48.853703,2.357908
48.853874,2.358409
48.85367,2.358489
48.853351,2.359213
48.853085,2.359423
48.852767,2.359635
48.852644,2.359948
48.85329,2.360153
48.853086,2.360313
48.852247,2.360325
48.851597,2.359335
48.851468,2.359568
48.85132,2.359772
48.850705,2.359531
48.85086,2.359147
48.851001,2.358698
48.851161,2.358028
48.851482,2.358229
48.851759,2.358474
48.851773,2.358882
48.851974,2.358329
48.85217,2.357826
48.852256,2.35752
48.851814,2.357426
48.851503,2.357399
48.851595,2.357069
48.851712,2.356737
48.851884,2.356307
48.851397,2.356098
48.851445,2.35656
48.850903,2.356751
48.850685,2.356989
48.850702,2.357286
48.85055,2.357815
48.850397,2.358317
48.85012,2.358735
48.850122,2.359438
48.850085,2.359834
48.851008,2.360156
48.850817,2.3611
48.851062,2.361602
48.851271,2.361572
48.851839,2.361716
48.851702,2.361924
48.851472,2.362387
48.85134,2.362497
48.850708,2.362395
48.850823,2.36279
48.850703,2.363055
48.851142,2.362938
48.851528,2.363283
48.851741,2.363633
48.851457,2.364074
48.851746,2.364515
48.851937,2.364648
48.852506,2.3637
48.853029,2.363664
48.853262,2.363897
48.853493,2.364032
48.854195,2.364214
48.854808,2.364084
48.854813,2.364129
48.855329,2.364108
48.855277,2.364681
48.855067,2.364849
48.854741,2.365107
48.854555,2.365383
48.853929,2.365146
48.854175,2.365863
48.854224,2.36646
48.854509,2.367336
48.854715,2.367356
48.855217,2.367217
48.855506,2.36734
48.855896,2.367236
48.855394,2.366571
48.855059,2.366346
48.854918,2.366148
48.855108,2.365716
48.855346,2.365812
48.855398,2.365408
48.855461,2.365139
48.856307,2.364797
48.855936,2.365246
48.855715,2.365327
48.855581,2.365542
48.855801,2.365986
48.856251,2.3657
48.856604,2.365833
48.857181,2.366237
48.857973,2.365954
48.858792,2.36556
48.859302,2.365446
48.859127,2.366766
48.858488,2.36704
48.857772,2.366475
48.85678,2.36684
48.857045,2.367168
48.857745,2.367186
48.858011,2.367335
48.858446,2.367394
48.858509,2.368092
48.858239,2.368617
48.857698,2.368329
48.857337,2.367886
48.857005,2.367952
48.856579,2.368514
48.85727,2.368732
48.858173,2.36927
48.857879,2.369295
48.857347,2.369512
48.857009,2.370673
48.856651,2.370531
48.855684,2.370685
48.855393,2.37059
48.854811,2.370646
48.855099,2.369984
48.855394,2.369291
48.85587,2.369273
48.855799,2.369619
48.855981,2.369814
48.856381,2.369183
48.855939,2.368732
48.855762,2.368147
48.85478,2.368082
48.854236,2.368265
48.854376,2.368654
48.854689,2.368557
48.854972,2.368944
48.854262,2.369094
48.854274,2.369487
48.854291,2.370072
48.853851,2.369844
48.85367,2.370046
48.853197,2.369176
48.852669,2.369861
48.853314,2.370441
48.853133,2.370405
48.852855,2.370495
48.852113,2.371457
48.852222,2.372851
48.851671,2.372589
48.851196,2.372564
48.85131,2.372165
48.850969,2.371769
48.849655,2.371227
48.849315,2.371381
48.849829,2.370462
48.850292,2.37019
48.85097,2.370452
48.851724,2.369687
48.851709,2.368945
48.852169,2.368349
48.852323,2.36777
48.852579,2.367733
48.853038,2.368232
48.853249,2.367942
48.853437,2.36827
48.853886,2.36772
48.853502,2.367167
48.853145,2.366433
48.853461,2.366264
48.853308,2.365456
48.852998,2.364777
48.852867,2.364398
48.85224,2.365596
48.852435,2.366236
48.852381,2.367163
48.851567,2.367395
48.851401,2.367281
48.850889,2.366973
48.851043,2.366381
48.850522,2.36567
48.850124,2.365787
48.84993,2.365793
48.849729,2.365687
48.849213,2.366824
48.848586,2.367475
48.849042,2.367866
48.848749,2.36837
48.849325,2.368382
48.849759,2.367837
48.850553,2.3684
48.850289,2.368864
48.85072,2.369064
48.849892,2.369806
48.849363,2.370626
48.848781,2.370903
48.847656,2.371144
48.848071,2.371879
48.848436,2.372842
48.848875,2.37272
48.848831,2.37317
48.848969,2.373426
48.848636,2.374255
48.848221,2.373995
48.848075,2.374208
48.847493,2.374545
48.847283,2.374679
48.847764,2.375006
48.847254,2.375134
48.847129,2.375372
48.846956,2.375871
48.847554,2.375566
48.847744,2.375747
48.848367,2.376838
48.848975,2.377215
48.849317,2.377676
48.848983,2.377772
48.849178,2.378098
48.849094,2.37862
48.848855,2.378294
48.846288,2.378545
48.845694,2.378317
48.845465,2.378755
48.846288,2.379331
48.845248,2.380198
48.845065,2.380665
48.844862,2.380042
48.844481,2.379015
48.844276,2.379223
48.84338,2.37929
48.843399,2.380716
48.843328,2.381175
48.843835,2.381709
48.844255,2.381169
48.8444,2.381725
48.844587,2.38229
48.844888,2.383251
48.843874,2.383077
48.843633,2.383391
48.84311,2.382975
48.842802,2.383508
48.843912,2.384404
48.844024,2.38467
48.843779,2.384783
48.843581,2.385351
48.842794,2.386412
48.842382,2.386868
48.84245,2.387183
48.842307,2.387362
48.841881,2.387361
48.842026,2.38708
48.841609,2.386828
48.841834,2.386441
48.842204,2.386216
48.842563,2.386145
48.842719,2.385751
48.842831,2.384977
48.84249,2.384935
48.842349,2.384267
48.84165,2.38448
48.840465,2.386795
48.841043,2.387128
48.841273,2.387563
48.841616,2.387497
48.841856,2.387822
48.84153,2.387755
48.841197,2.387857
48.841179,2.388151
48.840984,2.38797
48.840973,2.387955
48.840903,2.387813
48.840584,2.387762
48.840385,2.387947
48.840549,2.388257
48.840082,2.388428
48.839806,2.388433
48.839722,2.388736
48.83946,2.389018
48.841002,2.388698
48.841097,2.388458
48.841388,2.388605
48.841814,2.389155
48.842155,2.388753
48.842178,2.388467
48.842715,2.387962
48.84274,2.38847
48.842935,2.388455
48.842807,2.38938
48.842467,2.389644
48.842545,2.389894
48.841942,2.389712
48.841844,2.390178
48.841795,2.390539
48.841833,2.392066
48.841555,2.391517
48.840585,2.390786
48.840292,2.389935
48.839531,2.390744
48.839829,2.391124
48.839841,2.391451
48.839353,2.391695
48.838967,2.391237
48.838966,2.390853
48.839253,2.390487
48.839538,2.390145
48.839167,2.389589
48.838652,2.389748
48.838653,2.389301
48.83876,2.388867
48.838552,2.388756
48.838325,2.388995
48.837896,2.389262
48.83833,2.390076
48.838045,2.390457
48.837957,2.390526
48.837806,2.390706
48.83685,2.391305
48.83746,2.391844
48.837767,2.392025
48.836923,2.392303
48.836775,2.392819
48.836112,2.392387
48.836334,2.393202
48.837748,2.394172
48.838145,2.393694
48.838654,2.392847
48.839209,2.393687
48.839596,2.39433
48.839892,2.393886
48.840149,2.393881
48.840254,2.393388
48.840136,2.392848
48.840424,2.392868
48.840621,2.392288
48.841098,2.392253
48.841107,2.392941
48.841198,2.393493
48.840931,2.393561
48.840905,2.393933
48.841506,2.394875
48.839936,2.395047
48.840167,2.3954
48.839921,2.395686
48.839205,2.395648
48.838412,2.395812
48.838269,2.396532
48.837871,2.397186
48.838103,2.397221
48.838328,2.397362
48.838586,2.397773
48.838473,2.398053
48.83808,2.397911
48.837931,2.397598
48.837547,2.397572
48.837006,2.397944
48.837505,2.398365
48.838107,2.398354
48.838709,2.39841
48.838519,2.398964
48.838423,2.399256
48.837809,2.399973
48.837508,2.400712
48.837242,2.401442
48.836877,2.401294
48.83669,2.40161
48.836258,2.401589
48.836105,2.40176
48.83587,2.401309
48.836287,2.401166
48.83646,2.401083
48.836448,2.400758
48.836217,2.400269
48.835764,2.399482
48.836006,2.399441
48.836306,2.398901
48.83605,2.398784
48.835749,2.398399
48.835525,2.398136
48.835131,2.398632
48.835173,2.399092
48.834943,2.399876
48.835015,2.400452
48.83476,2.400753
48.834368,2.40063
48.834237,2.400101
48.833895,2.399904
48.834106,2.40144
48.835474,2.401786
48.835809,2.402207
48.836194,2.40242
48.836366,2.402949
48.836559,2.403194
48.836731,2.40281
48.836841,2.402381
48.837229,2.402349
48.8379,2.401906
48.838561,2.400953
48.839223,2.40154
48.839497,2.4025
48.84007,2.402559
48.84006,2.400416
48.841088,2.400013
48.841057,2.400683
48.841447,2.400684
48.841788,2.400951
48.841231,2.40122
48.841062,2.401394
48.841176,2.401867
48.840968,2.402347
48.841274,2.402266
48.841936,2.402739
48.841815,2.403172
48.841282,2.404306
48.840897,2.404496
48.840723,2.404326
48.839355,2.40338
48.837842,2.403707
48.838334,2.403917
48.838847,2.404038
48.839081,2.404108
48.839957,2.404613
48.840667,2.404817
48.840942,2.404932
48.841622,2.404709
48.842059,2.404923
48.842419,2.404629
48.842259,2.404972
48.842413,2.405191
48.84313,2.405193
48.844558,2.406002
48.843014,2.40481
48.843137,2.404202
48.84392,2.403281
48.844578,2.402451
48.844678,2.402131
48.844362,2.402028
48.84417,2.402015
48.843944,2.401925
48.843352,2.402279
48.842876,2.402494
48.842887,2.402185
48.84317,2.401926
48.84285,2.401772
48.843061,2.401501
48.842535,2.401088
48.842318,2.401017
48.84259,2.400224
48.843005,2.399717
48.842479,2.398829
48.842057,2.397932
48.841169,2.398365
48.840947,2.398466
48.84144,2.398859
48.84101,2.398911
48.840447,2.399135
48.84009,2.399709
48.839489,2.399475
48.839767,2.398481
48.839419,2.398368
48.839737,2.397348
48.839112,2.396909
48.839485,2.396737
48.839868,2.396558
48.84122,2.396688
48.842081,2.39631
48.842635,2.39743
48.842841,2.398144
48.84398,2.398435
48.846918,2.396817
48.847155,2.396668
48.847305,2.396441
48.847252,2.395942
48.847094,2.395524
48.847363,2.395195
48.847533,2.394781
48.847339,2.394486
48.847079,2.393914
48.848517,2.393916
48.848763,2.394255
48.849062,2.394422
48.848776,2.394604
48.848402,2.394592
48.848053,2.394774
48.847787,2.395145
48.848368,2.396043
48.848434,2.396441
48.847936,2.396938
48.847761,2.397344
48.847871,2.39761
48.84729,2.398409
48.847533,2.398421
48.848007,2.398587
48.847686,2.398795
48.847888,2.399268
48.847473,2.399307
48.846868,2.399337
48.847156,2.399751
48.846852,2.399976
48.846698,2.400348
48.846328,2.400343
48.846346,2.400067
48.845901,2.400092
48.845424,2.400013
48.845203,2.399947
48.84501,2.399434
48.844403,2.399612
48.844307,2.399359
48.844077,2.399683
48.844021,2.39998
48.84404,2.400352
48.843958,2.400744
48.844378,2.400817
48.844468,2.401067
48.844978,2.401273
48.844915,2.401732
48.845201,2.40177
48.845409,2.401525
48.845639,2.401454
48.845235,2.401341
48.845269,2.40079
48.846131,2.400703
48.846556,2.400943
48.846346,2.401446
48.84623,2.40179
48.845627,2.401891
48.845347,2.402231
48.844965,2.402252
48.84474,2.402943
48.845041,2.403537
48.845615,2.403715
48.845761,2.40341
48.845584,2.402972
48.846131,2.403153
48.847459,2.402033
48.84823,2.401904
48.847546,2.401752
48.847413,2.401416
48.847631,2.400184
48.848217,2.39957
48.848423,2.399677
48.848669,2.398801
48.848324,2.398697
48.848525,2.398353
48.848562,2.398075
48.848838,2.398431
48.849298,2.398828
48.849425,2.399342
48.849765,2.399199
48.85,2.400286
48.850998,2.39926
48.851481,2.399
48.851436,2.398677
48.851417,2.398254
48.851507,2.397975
48.851158,2.398177
48.850943,2.398277
48.85062,2.398416
48.850387,2.398444
48.850634,2.398813
48.850294,2.399086
48.849771,2.398203
48.848751,2.397593
48.848783,2.39706
48.849398,2.397128
48.849332,2.396732
48.849401,2.396462
48.84947,2.396373
48.849353,2.395644
48.849506,2.395358
48.849055,2.395186
48.849254,2.39472
48.84947,2.395073
48.849897,2.395122
48.850114,2.394678
48.850668,2.394902
48.851289,2.395212
48.8508,2.394592
48.851079,2.394045
48.850577,2.393519
48.850554,2.393221
48.851565,2.39368
48.858568,2.387364
48.859389,2.38775
48.859629,2.388423
48.858958,2.389035
48.859213,2.391586
48.859336,2.391803
48.859072,2.392162
48.859435,2.39247
48.859542,2.392225
48.859918,2.392408
48.859697,2.392709
48.859912,2.392895
48.860035,2.393169
48.859809,2.393158
48.859541,2.393074
48.859277,2.392997
48.859041,2.392662
48.858859,2.393016
48.858951,2.393291
48.858587,2.393401
48.858337,2.393464
48.858523,2.393748
48.858193,2.394177
48.858076,2.394757
48.858408,2.394975
48.857285,2.39547
48.858231,2.396085
48.858258,2.395641
48.85863,2.395715
48.858835,2.395842
48.859003,2.396055
48.858593,2.396248
48.858774,2.396576
48.858585,2.396814
48.8589,2.396926
48.858641,2.397116
48.858895,2.397653
48.858742,2.397818
48.859117,2.397971
48.859334,2.397751
48.859946,2.398097
48.859809,2.398474
48.859542,2.398237
48.858917,2.398358
48.859066,2.398706
48.859573,2.398931
48.859406,2.399197
48.859635,2.399486
48.859867,2.399301
48.860468,2.399394
48.860207,2.399501
48.860074,2.39979
48.859846,2.399677
48.859916,2.400128
48.860169,2.400213
48.860313,2.399852
48.860524,2.399733
48.860774,2.400417
48.861088,2.400238
48.860986,2.399384
48.861353,2.399108
48.861833,2.39881
48.861562,2.398859
48.86119,2.39884
48.860656,2.3989
48.860428,2.39887
48.860157,2.398962
48.860088,2.398627
48.860557,2.398498
48.860746,2.398564
48.861465,2.398238
48.86172,2.398298
48.861937,2.398487
48.862161,2.398392
48.862043,2.398062
48.86184,2.397943
48.862066,2.39771
48.862301,2.397594
48.862587,2.397394
48.863165,2.396426
48.863257,2.396034
48.86293,2.396051
48.862899,2.395657
48.863591,2.395197
48.863118,2.394743
48.863611,2.394451
48.86396,2.394196
48.863417,2.394308
48.863057,2.394004
48.863571,2.393626
48.863405,2.393316
48.863194,2.393393
48.863203,2.393113
48.862891,2.393231
48.862553,2.393151
48.861996,2.394088
48.861748,2.394409
48.862298,2.394419
48.862519,2.394203
48.862566,2.394869
48.862379,2.394802
48.862103,2.394765
48.861722,2.395231
48.861849,2.395985
48.862301,2.396071
48.862527,2.39677
48.862255,2.397122
48.862041,2.397055
48.861833,2.396915
48.861401,2.396774
48.861578,2.396678
48.861692,2.396312
48.861449,2.396004
48.861201,2.3961
48.861117,2.395653
48.861314,2.39541
48.86103,2.395345
48.860799,2.395539
48.86055,2.395813
48.860085,2.395878
48.860336,2.395997
48.860377,2.396276
48.860734,2.396215
48.860484,2.396646
48.86078,2.396629
48.861093,2.396629
48.86109,2.397096
48.860728,2.397029
48.860346,2.396994
48.860779,2.397359
48.861103,2.397564
48.861321,2.397507
48.86144,2.397278
48.861785,2.397405
48.861657,2.397691
48.861585,2.397949
48.861454,2.397734
48.861135,2.397933
48.860774,2.397732
48.86051,2.397582
48.860161,2.397624
48.859943,2.397639
48.859842,2.3972
48.859625,2.397357
48.859302,2.39723
48.859117,2.397024
48.85931,2.396874
48.85914,2.396693
48.859001,2.39642
48.859342,2.396452
48.859638,2.396389
48.859943,2.396283
48.859621,2.395988
48.859321,2.395753
48.859126,2.395492
48.859582,2.394977
48.85997,2.395035
48.859856,2.395384
48.860191,2.395386
48.86051,2.395132
48.860845,2.394939
48.860659,2.394889
48.860347,2.394749
48.860538,2.394289
48.860225,2.393934
48.859901,2.394108
48.85955,2.394247
48.859815,2.394468
48.859576,2.394624
48.859401,2.394755
48.859213,2.394997
48.858911,2.395022
48.858813,2.394599
48.858891,2.394004
48.859241,2.393809
48.859103,2.393495
48.859314,2.393334
48.859483,2.393754
48.859922,2.393507
48.860096,2.393652
48.86024,2.393364
48.86053,2.393404
48.860681,2.393829
48.86107,2.393539
48.861098,2.393875
48.861217,2.394108
48.861101,2.394505
48.861388,2.394196
48.861548,2.393926
48.861682,2.393506
48.861529,2.392967
48.86137,2.393116
48.861163,2.39309
48.860842,2.39294
48.860649,2.392863
48.860378,2.393024
48.860175,2.392944
48.860226,2.392681
48.8604,2.392591
48.860302,2.392274
48.860645,2.392142
48.860783,2.392401
48.861115,2.392721
48.861326,2.392729
48.861546,2.3925
48.861675,2.39226
48.861526,2.392042
48.861307,2.392223
48.861023,2.392241
48.861037,2.391962
48.861132,2.39148
48.860765,2.391531
48.860603,2.391679
48.860466,2.391381
48.860212,2.391521
48.859758,2.39144
48.859782,2.391011
48.859829,2.390594
48.860137,2.390585
48.860489,2.390495
48.860319,2.390864
48.860614,2.390959
48.860758,2.39114
48.860914,2.39061
48.8608,2.390234
48.861183,2.39032
48.861556,2.390481
48.862007,2.390482
48.862465,2.390794
48.862569,2.391061
48.862241,2.390989
48.861802,2.391119
48.861691,2.391393
48.862092,2.391521
48.862598,2.391696
48.862494,2.39196
48.861925,2.392374
48.862168,2.392538
48.862445,2.392773
48.862707,2.392782
48.862961,2.392861
48.863122,2.392646
48.862789,2.392414
48.863316,2.391848
48.86355,2.391658
48.863229,2.391571
48.862942,2.391205
48.863318,2.391085
48.863049,2.390857
48.86329,2.390619
48.863282,2.39009
48.863014,2.390259
48.862776,2.389838
48.862646,2.390042
48.861788,2.39014
48.861325,2.389996
48.860577,2.388987
48.860284,2.38896
48.860254,2.389335
48.860448,2.389655
48.860293,2.38985
48.860285,2.390247
48.859998,2.390215
48.859725,2.389798
48.860001,2.38955
48.859668,2.38935
48.859972,2.389161
48.860063,2.388722
48.860433,2.388306
48.859816,2.388303
48.859684,2.387953
48.85946,2.386995
48.859599,2.386652
48.859966,2.386457
48.859415,2.38625
48.859283,2.386009
48.858849,2.385414
48.859054,2.385335
48.859334,2.385388
48.859421,2.385012
48.859023,2.384974
48.858312,2.385023
48.857955,2.385231
48.85759,2.384816
48.858763,2.384153
48.858398,2.383447
48.858913,2.383245
48.859095,2.383046
48.858238,2.382853
48.858384,2.382262
48.858644,2.382285
48.858706,2.381623
48.858387,2.381116
48.858067,2.381605
48.857856,2.381847
48.857159,2.381532
48.856873,2.381943
48.854379,2.384877
48.8544,2.385582
48.854012,2.386223
48.853765,2.386647
48.852892,2.386378
48.852306,2.386771
48.85207,2.3869
48.851983,2.386449
48.851262,2.38646
48.850744,2.38658
48.850405,2.385856
48.850549,2.385818
48.850553,2.385672
48.850356,2.385424
48.849817,2.385401
48.849916,2.385087
48.849931,2.384315
48.850791,2.384477
48.850426,2.385053
48.850483,2.385215
48.851222,2.385611
48.851513,2.385263
48.851608,2.384677
48.852109,2.384846
48.85227,2.385495
48.852663,2.385298
48.852659,2.385275
48.852734,2.385026
48.853499,2.385297
48.853877,2.385038
48.854239,2.383482
48.85395,2.38258
48.853744,2.382598
48.853317,2.383288
48.853279,2.382929
48.853013,2.382757
48.852553,2.382762
48.852409,2.382928
48.852305,2.383194
48.852462,2.38339
48.851897,2.383724
48.851622,2.383596
48.85127,2.383839
48.850366,2.383082
48.850213,2.38286
48.85004,2.38294
48.849066,2.382616
48.84909,2.382015
48.848719,2.381587
48.849096,2.380953
48.849624,2.381039
48.850248,2.38141
48.850881,2.381602
48.851218,2.381638
48.852027,2.380893
48.852415,2.381545
48.852841,2.382056
48.852729,2.381632
48.852587,2.381417
48.85283,2.381051
48.853015,2.38132
48.853433,2.381544
48.853719,2.381286
48.853346,2.379459
48.852651,2.379673
48.852706,2.379381
48.852444,2.379183
48.85162,2.378898
48.851476,2.379226
48.851233,2.379815
48.851369,2.380494
48.851136,2.38023
48.850542,2.380183
48.849792,2.380465
48.849592,2.380519
48.84858,2.380125
48.849764,2.379592
48.849877,2.378935
48.850024,2.378252
48.850777,2.378591
48.851238,2.378619
48.851638,2.37821
48.851754,2.377855
48.852251,2.37807
48.852453,2.378155
48.852748,2.378484
48.853245,2.37866
48.853384,2.378237
48.853943,2.37891
48.854216,2.378054
48.854738,2.377244
48.85518,2.377636
48.855135,2.378232
