37.753391 , -122.419632
37.75375 , -122.419177
37.754109 , -122.419177
37.754469 , -122.419176
37.754828 , -122.419176
37.754828 , -122.419631
37.754469 , -122.420085
37.75375 , -122.420995
37.754109 , -122.421449
37.754469 , -122.421449
37.754828 , -122.421903
37.754828 , -122.423266
37.754828 , -122.423721
37.754828 , -122.424175
37.75375 , -122.424176
37.756265 , -122.426447
37.756625 , -122.426447
37.757703 , -122.427809
37.757703 , -122.428264
37.758062 , -122.428264
37.758421 , -122.427354
37.758421 , -122.425991
37.759499 , -122.425536
37.759859 , -122.424172
37.759499 , -122.424172
37.759499 , -122.423263
37.759499 , -122.422809
37.760218 , -122.422353
37.760937 , -122.422807
37.760937 , -122.422353
37.761296 , -122.421898
37.760577 , -122.421899
37.759859 , -122.421899
37.759859 , -122.421445
37.759859 , -122.42099
37.759859 , -122.420536
37.759499 , -122.420536
37.75914 , -122.4219
37.758781 , -122.4219
37.758781 , -122.422809
37.758781 , -122.423264
37.757703 , -122.423719
37.756265 , -122.424174
37.756265 , -122.42372
37.756625 , -122.42372
37.756984 , -122.423719
37.758062 , -122.42281
37.757703 , -122.421901
37.757703 , -122.421446
37.758062 , -122.421901
37.758421 , -122.421446
37.758421 , -122.420991
37.758062 , -122.420537
37.758062 , -122.420083
37.758421 , -122.420082
37.758421 , -122.419628
37.758781 , -122.419628
37.758781 , -122.419173
37.758421 , -122.419173
37.758062 , -122.419174
37.758421 , -122.418719
37.758421 , -122.418264
37.757703 , -122.418719
37.757703 , -122.419174
37.757343 , -122.419629
37.756625 , -122.419629
37.756625 , -122.420084
37.756625 , -122.420538
37.756625 , -122.421447
37.756984 , -122.421901
37.755906 , -122.421448
37.755547 , -122.421448
37.755187 , -122.421448
37.754828 , -122.421449
37.754828 , -122.420994
37.754828 , -122.42054
37.755187 , -122.420085
37.755187 , -122.41963
37.755906 , -122.41963
37.756625 , -122.41872
37.756984 , -122.418265
37.756625 , -122.417811
37.756265 , -122.417357
37.756625 , -122.416902
37.757343 , -122.417356
37.758421 , -122.417355
37.787886 , -122.425516
37.787886 , -122.424152
37.786808 , -122.424152
37.786808 , -122.423698
37.786808 , -122.423243
37.786808 , -122.422788
37.786449 , -122.423243
37.78609 , -122.422789
37.78573 , -122.42188
37.78573 , -122.42097
37.785012 , -122.420516
37.784652 , -122.421426
37.785012 , -122.42188
37.785371 , -122.422335
37.785012 , -122.42279
37.784293 , -122.422336
37.783934 , -122.422336
37.783574 , -122.421881
37.783934 , -122.421426
37.783574 , -122.420972
37.783215 , -122.420972
37.782856 , -122.420518
37.782496 , -122.420973
37.782137 , -122.420973
37.782137 , -122.420519
37.781778 , -122.420064
37.782137 , -122.419609
37.782496 , -122.419609
37.782856 , -122.419154
37.783215 , -122.419154
37.783574 , -122.419608
37.783574 , -122.420517
37.784293 , -122.420517
37.784293 , -122.420062
37.784293 , -122.419608
37.784652 , -122.419153
37.784652 , -122.418698
37.784293 , -122.418698
37.783934 , -122.418699
37.783934 , -122.418244
37.783574 , -122.418244
37.783215 , -122.418244
37.783574 , -122.41779
37.783934 , -122.417789
37.793635 , -122.415053
37.801541 , -122.413682
37.8019 , -122.413682
37.802259 , -122.414591
37.802619 , -122.414591
37.802259 , -122.415046
37.801541 , -122.415501
37.802978 , -122.417319
37.805493 , -122.4205
37.805852 , -122.420955
37.806212 , -122.420955
37.806212 , -122.4205
37.806571 , -122.420045
37.806212 , -122.420045
37.806212 , -122.41959
37.805134 , -122.419136
37.804774 , -122.418227
37.804774 , -122.417772
37.805134 , -122.417772
37.805134 , -122.416862
37.804056 , -122.416863
37.804056 , -122.415954
37.803337 , -122.415954
37.802978 , -122.4155
37.803337 , -122.41459
37.804056 , -122.414135
37.803696 , -122.41368
37.803337 , -122.413226
37.804415 , -122.412315
37.804774 , -122.412315
37.805134 , -122.412315
37.80693 , -122.410949
37.804415 , -122.41186
37.803337 , -122.411861
37.802259 , -122.413227
37.8019 , -122.413227
37.800822 , -122.413228
37.799744 , -122.412319
37.799744 , -122.41141
37.800103 , -122.41141
37.800463 , -122.411864
37.800822 , -122.411864
37.800822 , -122.412318
37.801181 , -122.412318
37.801541 , -122.412773
37.8019 , -122.412772
37.802259 , -122.412317
37.802619 , -122.412317
37.802259 , -122.411862
37.802978 , -122.410043
37.804056 , -122.410496
37.804415 , -122.410496
37.804774 , -122.410496
37.805493 , -122.410495
37.805134 , -122.410041
37.80729 , -122.40822
37.807649 , -122.408674
37.808008 , -122.409128
37.808008 , -122.409583
37.807649 , -122.409584
37.808008 , -122.410038
37.808368 , -122.410038
37.808727 , -122.409583
37.808727 , -122.410037
37.808727 , -122.410492
37.808368 , -122.410493
37.808008 , -122.411402
37.808368 , -122.411857
37.808368 , -122.411402
37.809086 , -122.410947
37.809086 , -122.410492
37.809446 , -122.410492
37.809446 , -122.410946
37.809805 , -122.410946
37.810164 , -122.410946
37.810524 , -122.410945
37.810524 , -122.410491
37.810883 , -122.41049
37.810883 , -122.4114
37.810524 , -122.4114
37.810164 , -122.411401
37.810524 , -122.411855
37.810164 , -122.41322
37.809086 , -122.412311
37.808727 , -122.412311
37.808368 , -122.412767
37.808727 , -122.413221
37.808727 , -122.413676
37.808008 , -122.413676
37.807649 , -122.414132
37.80729 , -122.413677
37.80693 , -122.414587
37.806212 , -122.414133
37.805134 , -122.414134
37.804774 , -122.414134
37.805134 , -122.415498
37.805493 , -122.415953
37.806212 , -122.416407
37.80693 , -122.415951
37.808008 , -122.415041
37.808368 , -122.415041
37.808727 , -122.41504
37.808727 , -122.415495
37.808008 , -122.415496
37.808008 , -122.415951
37.808368 , -122.41595
37.808727 , -122.416405
37.808368 , -122.416405
37.808008 , -122.41686
37.807649 , -122.416406
37.80729 , -122.416861
37.80729 , -122.41777
37.807649 , -122.41777
37.808727 , -122.417769
37.808368 , -122.417315
37.808368 , -122.41686
37.808727 , -122.41686
37.809086 , -122.416859
37.809446 , -122.416859
37.809805 , -122.416859
37.809805 , -122.417313
37.810164 , -122.417768
37.810524 , -122.418223
37.810164 , -122.418223
37.808727 , -122.418679
37.808368 , -122.418224
37.808008 , -122.418225
37.807649 , -122.418225
37.807649 , -122.41868
37.807649 , -122.419134
37.806571 , -122.41868
37.806571 , -122.419135
37.80693 , -122.419135
37.80693 , -122.41959
37.80729 , -122.41959
37.80729 , -122.420044
37.80729 , -122.420499
37.80693 , -122.420499
37.80693 , -122.420954
37.80729 , -122.420954
37.807649 , -122.420954
37.808008 , -122.420953
37.80729 , -122.421409
37.80729 , -122.421864
37.80729 , -122.422318
37.806212 , -122.421864
37.806571 , -122.421864
37.806571 , -122.421409
37.807649 , -122.421408
37.808008 , -122.421408
37.808368 , -122.421408
37.808727 , -122.421408
37.809086 , -122.421407
37.809086 , -122.421862
37.808727 , -122.421862
37.809086 , -122.422317
37.809446 , -122.422772
37.809805 , -122.423226
37.810164 , -122.425045
37.808727 , -122.430959
37.807649 , -122.429595
37.80693 , -122.43005
37.80693 , -122.430505
37.806212 , -122.43096
37.806212 , -122.431415
37.80693 , -122.431415
37.806571 , -122.43187
37.806212 , -122.43187
37.806212 , -122.432325
37.805852 , -122.43278
37.80693 , -122.437782
37.80693 , -122.438236
37.806571 , -122.439601
37.806212 , -122.44324
37.805852 , -122.442785
37.805852 , -122.440966
37.806212 , -122.436418
37.805852 , -122.435508
37.805493 , -122.435054
37.804415 , -122.434145
37.805134 , -122.43369
37.804415 , -122.433235
37.804056 , -122.432781
37.804774 , -122.432325
37.805134 , -122.43278
37.805134 , -122.432325
37.805134 , -122.431416
37.805852 , -122.430506
37.805852 , -122.430051
37.80693 , -122.429141
37.80729 , -122.42914
37.80729 , -122.428686
37.80693 , -122.428686
37.806212 , -122.427777
37.806571 , -122.427776
37.80693 , -122.428231
37.80729 , -122.428231
37.807649 , -122.42823
37.807649 , -122.427776
37.807649 , -122.427321
37.80729 , -122.426866
37.80693 , -122.426867
37.806212 , -122.426412
37.806212 , -122.425503
37.805852 , -122.425048
37.806212 , -122.425048
37.806212 , -122.424593
37.806212 , -122.424138
37.806571 , -122.423683
37.806212 , -122.423229
37.80693 , -122.423228
37.806571 , -122.422774
37.806212 , -122.422774
37.806212 , -122.422319
37.805852 , -122.422319
37.805852 , -122.422774
37.805493 , -122.422774
37.805134 , -122.422775
37.805493 , -122.423229
37.805852 , -122.423684
37.805852 , -122.424139
37.805134 , -122.424139
37.804774 , -122.425049
37.805134 , -122.426413
37.805134 , -122.426868
37.805493 , -122.426868
37.805493 , -122.427322
37.805493 , -122.427777
37.805134 , -122.427777
37.805134 , -122.428232
37.805493 , -122.429141
37.805493 , -122.429596
37.804774 , -122.430052
37.804774 , -122.429597
37.793276 , -122.430059
37.792917 , -122.430059
37.791839 , -122.429605
37.791839 , -122.428696
37.792198 , -122.428241
37.792917 , -122.427786
37.792198 , -122.427331
37.792917 , -122.426876
37.793995 , -122.42733
37.794354 , -122.425056
37.795791 , -122.424146
37.795073 , -122.424146
37.794713 , -122.423692
37.794713 , -122.422782
37.794354 , -122.422783
37.793635 , -122.423238
37.792917 , -122.423238
37.792557 , -122.423693
37.792557 , -122.424148
37.792917 , -122.425057
37.792557 , -122.425967
37.791839 , -122.426422
37.791479 , -122.426422
37.791479 , -122.425513
37.791839 , -122.425058
37.790761 , -122.424149
37.790042 , -122.42415
37.790042 , -122.424605
37.789683 , -122.425514
37.789683 , -122.42506
37.789323 , -122.424151
37.788964 , -122.423696
37.788605 , -122.423242
37.788245 , -122.423242
37.787886 , -122.422333
37.787167 , -122.421879
37.786808 , -122.421879
37.786449 , -122.421425
37.786808 , -122.42097
37.787167 , -122.420969
37.787527 , -122.420969
37.787886 , -122.420969
37.787886 , -122.420514
37.787167 , -122.42006
37.787167 , -122.420515
37.786808 , -122.420515
37.786449 , -122.420515
37.78609 , -122.420061
37.78573 , -122.419606
37.78609 , -122.419606
37.786449 , -122.419606
37.786449 , -122.419151
37.78609 , -122.419151
37.78573 , -122.419152
37.785371 , -122.419152
37.785371 , -122.418697
37.785012 , -122.418698
37.784652 , -122.418243
37.785012 , -122.417788
37.78573 , -122.418242
37.78573 , -122.418697
37.78609 , -122.418697
37.786449 , -122.418697
37.786808 , -122.418696
37.787167 , -122.418696
37.787167 , -122.419151
37.787527 , -122.419605
37.787886 , -122.419605
37.787886 , -122.420059
37.788245 , -122.420059
37.788605 , -122.420514
37.788964 , -122.420968
37.788964 , -122.421423
37.789323 , -122.421422
37.790401 , -122.421422
37.790761 , -122.421421
37.79112 , -122.421421
37.791479 , -122.421875
37.791839 , -122.420966
37.791479 , -122.420966
37.79112 , -122.420966
37.790401 , -122.420512
37.790401 , -122.420057
37.790761 , -122.419602
37.789683 , -122.419603
37.788964 , -122.419604
37.789323 , -122.420968
37.790042 , -122.421422
37.790042 , -122.421877
37.790042 , -122.422331
37.790761 , -122.422785
37.791479 , -122.422785
37.791839 , -122.423239
37.791839 , -122.422785
37.791839 , -122.42233
37.792198 , -122.421875
37.792557 , -122.421875
37.792917 , -122.422329
37.792917 , -122.421874
37.792917 , -122.42142
37.793995 , -122.421874
37.794713 , -122.421873
37.795432 , -122.421872
37.795791 , -122.422327
37.796151 , -122.422327
37.795432 , -122.420963
37.793995 , -122.420964
37.793276 , -122.420055
37.792198 , -122.418237
37.793635 , -122.417781
37.793276 , -122.416872
37.792557 , -122.416873
37.792557 , -122.415963
37.792557 , -122.415054
37.792198 , -122.4146
37.792557 , -122.414145
37.791839 , -122.414145
37.791479 , -122.414145
37.791479 , -122.4146
37.79112 , -122.414146
37.790761 , -122.414601
37.790401 , -122.414601
37.791479 , -122.413691
37.791839 , -122.41369
37.791839 , -122.413236
37.791479 , -122.413236
37.79112 , -122.413236
37.790761 , -122.413691
37.790761 , -122.413237
37.790401 , -122.412782
37.789323 , -122.412783
37.789323 , -122.412329
37.788964 , -122.412329
37.788605 , -122.412784
37.788245 , -122.412784
37.787886 , -122.41233
37.787527 , -122.41233
37.787527 , -122.411875
37.788964 , -122.411874
37.788605 , -122.411875
37.788605 , -122.41142
37.788605 , -122.410965
37.788964 , -122.410965
37.789683 , -122.411874
37.789683 , -122.411419
37.789683 , -122.410964
37.789323 , -122.410965
37.789323 , -122.41051
37.790401 , -122.409599
37.790042 , -122.409145
37.789683 , -122.409145
37.789683 , -122.4096
37.787886 , -122.408692
37.787886 , -122.408238
37.788245 , -122.408237
37.788605 , -122.408237
37.788964 , -122.408237
37.788964 , -122.408691
37.788605 , -122.409146
37.788605 , -122.409601
37.788964 , -122.409601
37.788964 , -122.410055
37.788964 , -122.41051
37.788605 , -122.41051
37.787886 , -122.410966
37.787527 , -122.411421
37.787886 , -122.41142
37.787527 , -122.410966
37.787527 , -122.410511
37.787886 , -122.410511
37.787886 , -122.410056
37.787886 , -122.409602
37.787527 , -122.409602
37.787167 , -122.409602
37.786808 , -122.409603
37.786808 , -122.409148
37.786449 , -122.408694
37.78609 , -122.409149
37.78573 , -122.408694
37.785371 , -122.40824
37.785012 , -122.408695
37.785012 , -122.407786
37.785012 , -122.407331
37.784652 , -122.407331
37.785012 , -122.406876
37.785371 , -122.406876
37.78609 , -122.406875
37.786449 , -122.406875
37.786808 , -122.407329
37.786449 , -122.407784
37.787167 , -122.408693
37.787527 , -122.408238
37.787167 , -122.408238
37.786808 , -122.408239
37.786449 , -122.408239
37.78609 , -122.408239
37.785371 , -122.409149
37.785012 , -122.409604
37.784652 , -122.410059
37.783934 , -122.410515
37.784652 , -122.410969
37.785371 , -122.410968
37.78573 , -122.411422
37.78573 , -122.410513
37.786449 , -122.410058
37.786808 , -122.410057
37.787167 , -122.410057
37.787167 , -122.410512
37.786808 , -122.410967
37.786449 , -122.410967
37.786449 , -122.411422
37.786808 , -122.411876
37.786808 , -122.412331
37.786449 , -122.412331
37.78609 , -122.411877
37.78573 , -122.411877
37.784652 , -122.411878
37.784293 , -122.412333
37.783934 , -122.412333
37.783574 , -122.411879
37.783934 , -122.411424
37.783574 , -122.411424
37.783215 , -122.411425
37.782856 , -122.411425
37.782856 , -122.41188
37.782856 , -122.412334
37.782856 , -122.412789
37.782856 , -122.413244
37.783574 , -122.413243
37.783574 , -122.412788
37.783934 , -122.412788
37.784293 , -122.413242
37.784652 , -122.413242
37.784652 , -122.413697
37.784652 , -122.414151
37.784293 , -122.414152
37.784293 , -122.414606
37.784293 , -122.415061
37.784652 , -122.415061
37.785012 , -122.41506
37.785371 , -122.41506
37.785371 , -122.414605
37.785371 , -122.414151
37.785371 , -122.413696
37.785012 , -122.413242
37.785371 , -122.412332
37.78573 , -122.412786
37.78609 , -122.412786
37.786449 , -122.412786
37.786449 , -122.41324
37.78573 , -122.413241
37.78573 , -122.413696
37.78609 , -122.413695
37.786449 , -122.41415
37.786449 , -122.414604
37.786808 , -122.414604
37.787167 , -122.414604
37.787167 , -122.414149
37.786808 , -122.413695
37.787167 , -122.41324
37.787527 , -122.41324
37.787886 , -122.413694
37.788245 , -122.413694
37.787886 , -122.414149
37.788245 , -122.414148
37.788605 , -122.414148
37.788964 , -122.414148
37.789323 , -122.414602
37.789323 , -122.415057
37.788964 , -122.415512
37.789683 , -122.415966
37.789683 , -122.41642
37.790761 , -122.41642
37.790401 , -122.417784
37.789683 , -122.417785
37.789323 , -122.417785
37.788605 , -122.41824
37.787886 , -122.418695
37.787527 , -122.418696
37.787527 , -122.418241
37.786808 , -122.418242
37.786808 , -122.417787
37.786449 , -122.417787
37.78609 , -122.417787
37.78573 , -122.417333
37.784652 , -122.416879
37.785012 , -122.416879
37.785371 , -122.416879
37.78573 , -122.416878
37.78609 , -122.416878
37.786808 , -122.416878
37.787167 , -122.417332
37.787886 , -122.417331
37.788245 , -122.417331
37.788964 , -122.41733
37.788605 , -122.416876
37.787886 , -122.416877
37.787886 , -122.416422
37.788605 , -122.416421
37.788964 , -122.416421
37.788245 , -122.415512
37.788245 , -122.414603
37.787886 , -122.415058
37.787527 , -122.415513
37.787167 , -122.415059
37.786808 , -122.415059
37.78609 , -122.415059
37.787167 , -122.415968
37.786808 , -122.416423
37.786449 , -122.416423
37.78609 , -122.416423
37.78609 , -122.415969
37.785371 , -122.415969
37.785371 , -122.415515
37.785012 , -122.415515
37.784293 , -122.41597
37.784293 , -122.416425
37.783215 , -122.417335
37.782856 , -122.41779
37.782496 , -122.418245
37.782137 , -122.418245
37.782137 , -122.417791
37.781778 , -122.417791
37.781778 , -122.417336
37.781418 , -122.417791
37.781418 , -122.418246
37.781418 , -122.418701
37.7807 , -122.418701
37.78034 , -122.418247
37.779981 , -122.418702
37.779981 , -122.419156
37.7807 , -122.41961
37.781059 , -122.420974
37.7807 , -122.421429
37.78034 , -122.421429
37.78034 , -122.420975
37.779981 , -122.420975
37.779981 , -122.42052
37.779622 , -122.419611
37.779262 , -122.419157
37.778903 , -122.419157
37.778544 , -122.419157
37.778544 , -122.418703
37.778544 , -122.418248
37.779262 , -122.418702
37.779262 , -122.418248
37.779262 , -122.417793
37.778903 , -122.417793
37.778544 , -122.417794
37.778184 , -122.417794
37.777106 , -122.41734
37.776388 , -122.417341
37.776747 , -122.416886
37.777466 , -122.416885
37.777825 , -122.416885
37.778184 , -122.41643
37.778544 , -122.41643
37.778903 , -122.416884
37.779262 , -122.416429
37.779622 , -122.416429
37.779981 , -122.416883
37.779622 , -122.417338
37.779622 , -122.417793
37.779981 , -122.417338
37.78034 , -122.417337
37.781059 , -122.417337
37.781059 , -122.416882
37.781418 , -122.416427
37.781418 , -122.415973
37.781778 , -122.415972
37.782137 , -122.415517
37.782496 , -122.415972
37.782496 , -122.416426
37.782856 , -122.416426
37.783215 , -122.416426
37.783574 , -122.416426
37.783215 , -122.415971
37.783215 , -122.415517
37.783574 , -122.414607
37.783574 , -122.414152
37.782496 , -122.414153
37.782137 , -122.414154
37.781778 , -122.414154
37.781418 , -122.414154
37.781418 , -122.413699
37.781778 , -122.41279
37.782137 , -122.41279
37.781778 , -122.412335
37.781778 , -122.411881
37.781418 , -122.411881
37.781059 , -122.411881
37.781059 , -122.411427
37.781418 , -122.411426
37.781418 , -122.410972
37.781778 , -122.410971
37.781778 , -122.411426
37.782137 , -122.411426
37.782496 , -122.410971
37.782856 , -122.410516
37.782856 , -122.410061
37.783215 , -122.409606
37.783574 , -122.409606
37.783934 , -122.409605
37.784293 , -122.409605
37.784293 , -122.40915
37.784293 , -122.408696
37.783934 , -122.409151
37.783215 , -122.409151
37.783215 , -122.408697
37.783574 , -122.408242
37.783934 , -122.408241
37.784293 , -122.408241
37.784293 , -122.407786
37.784652 , -122.407786
37.784293 , -122.407332
37.783934 , -122.406877
37.782137 , -122.406879
37.782496 , -122.406879
37.782496 , -122.407333
37.782856 , -122.407333
37.783215 , -122.407787
37.782856 , -122.407788
37.782496 , -122.408243
37.781778 , -122.408698
37.782137 , -122.410062
37.782137 , -122.410516
37.781778 , -122.410517
37.781418 , -122.410517
37.781418 , -122.410062
37.781418 , -122.409608
37.781059 , -122.409608
37.7807 , -122.410063
37.78034 , -122.409609
37.779981 , -122.409154
37.78034 , -122.409154
37.7807 , -122.409154
37.7807 , -122.408699
37.78034 , -122.408699
37.779981 , -122.4087
37.779622 , -122.4087
37.779622 , -122.408245
37.779262 , -122.407791
37.779622 , -122.407791
37.779981 , -122.408245
37.78034 , -122.408245
37.781778 , -122.407789
37.781418 , -122.407335
37.781059 , -122.407335
37.781059 , -122.40688
37.7807 , -122.406881
37.7807 , -122.406426
37.781778 , -122.406425
37.781059 , -122.405971
37.7807 , -122.405971
37.779981 , -122.405972
37.781778 , -122.405516
37.781059 , -122.405516
37.781059 , -122.405062
37.7807 , -122.405062
37.7807 , -122.404607
37.781418 , -122.404607
37.782496 , -122.403242
37.782856 , -122.402787
37.783215 , -122.402332
37.783934 , -122.403695
37.783574 , -122.403695
37.782856 , -122.403696
37.783215 , -122.40415
37.783574 , -122.40415
37.783934 , -122.40415
37.783934 , -122.404604
37.784293 , -122.405058
37.783574 , -122.405514
37.783934 , -122.405513
37.784293 , -122.405513
37.784652 , -122.405513
37.785012 , -122.405967
37.785012 , -122.406422
37.785371 , -122.406421
37.78573 , -122.405966
37.78573 , -122.405057
37.78609 , -122.405511
37.786449 , -122.405511
37.786449 , -122.405056
37.786808 , -122.404601
37.786808 , -122.404147
37.787167 , -122.404146
37.787167 , -122.404601
37.787527 , -122.404601
37.788245 , -122.405055
37.787886 , -122.40551
37.787527 , -122.40551
37.786808 , -122.405511
37.787167 , -122.405965
37.787527 , -122.406419
37.787886 , -122.406419
37.788245 , -122.406873
37.787527 , -122.406874
37.787167 , -122.406874
37.787527 , -122.407329
37.787886 , -122.407328
37.787886 , -122.407783
37.788605 , -122.407782
37.788964 , -122.407782
37.789323 , -122.407782
37.788964 , -122.407327
37.788605 , -122.407328
37.789323 , -122.406418
37.788964 , -122.406418
37.788245 , -122.405964
37.788245 , -122.405509
37.788605 , -122.405509
37.788964 , -122.405509
37.788964 , -122.405963
37.789323 , -122.405963
37.789683 , -122.405508
37.789323 , -122.405054
37.788964 , -122.404599
37.787886 , -122.404146
37.788245 , -122.404145
37.787886 , -122.403691
37.787527 , -122.403691
37.787167 , -122.403692
37.787167 , -122.403237
37.787527 , -122.403237
37.787886 , -122.402782
37.788245 , -122.403236
37.788605 , -122.403236
37.788964 , -122.403235
37.789323 , -122.404144
37.789683 , -122.404599
37.790042 , -122.404598
37.790042 , -122.405053
37.790401 , -122.405052
37.790401 , -122.405507
37.790042 , -122.405508
37.790042 , -122.405962
37.790401 , -122.405962
37.790401 , -122.406871
37.790042 , -122.406872
37.790042 , -122.407326
37.789683 , -122.407327
37.790042 , -122.407781
37.790401 , -122.407781
37.790401 , -122.408235
37.79112 , -122.408689
37.791479 , -122.40778
37.791479 , -122.40687
37.79112 , -122.406871
37.79112 , -122.406416
37.79112 , -122.405961
37.791839 , -122.40596
37.791839 , -122.406415
37.792198 , -122.406415
37.792557 , -122.406415
37.792917 , -122.406414
37.792917 , -122.405959
37.792557 , -122.40596
37.792198 , -122.40596
37.792198 , -122.405505
37.791839 , -122.405506
37.791479 , -122.405506
37.791479 , -122.405051
37.79112 , -122.405052
37.79112 , -122.404597
37.790761 , -122.404143
37.790401 , -122.404143
37.790401 , -122.403688
37.789683 , -122.403689
37.789323 , -122.403235
37.789683 , -122.403234
37.790042 , -122.402779
37.790401 , -122.402779
37.79112 , -122.402778
37.79112 , -122.403233
37.791479 , -122.403687
37.791479 , -122.404142
37.792198 , -122.404596
37.792557 , -122.404596
37.792557 , -122.40505
37.793276 , -122.40505
37.793635 , -122.405049
37.793995 , -122.405049
37.793635 , -122.404595
37.793995 , -122.40414
37.794354 , -122.404139
37.794354 , -122.403684
37.794713 , -122.403684
37.795073 , -122.404593
37.795073 , -122.404138
37.795432 , -122.404138
37.795791 , -122.404592
37.795791 , -122.404138
37.796151 , -122.404137
37.79651 , -122.404137
37.796869 , -122.404137
37.796869 , -122.404591
37.796869 , -122.405046
37.797229 , -122.405046
37.797588 , -122.405045
37.797588 , -122.4055
37.797229 , -122.405501
37.796869 , -122.405501
37.79651 , -122.405501
37.796151 , -122.405502
37.795791 , -122.405502
37.795432 , -122.405502
37.795073 , -122.405957
37.795073 , -122.405048
37.794713 , -122.405048
37.794354 , -122.405503
37.794354 , -122.405958
37.794354 , -122.406413
37.794713 , -122.406412
37.795073 , -122.406412
37.795073 , -122.406867
37.794713 , -122.406867
37.794354 , -122.406867
37.793995 , -122.406868
37.793995 , -122.406413
37.793635 , -122.406413
37.793276 , -122.406869
37.792917 , -122.406869
37.792917 , -122.407324
37.793276 , -122.407323
37.793635 , -122.407323
37.793276 , -122.413689
37.792557 , -122.413235
37.792198 , -122.413235
37.791839 , -122.412781
37.791479 , -122.412781
37.79112 , -122.412782
37.791479 , -122.412327
37.791839 , -122.412326
37.792198 , -122.412326
37.792917 , -122.41278
37.793635 , -122.41187
37.793276 , -122.410961
37.792198 , -122.411417
37.792198 , -122.410962
37.791839 , -122.410962
37.791479 , -122.411417
37.791479 , -122.410963
37.790761 , -122.410509
37.790761 , -122.409599
37.791479 , -122.410053
37.791839 , -122.410508
37.792557 , -122.410052
37.793276 , -122.410052
37.794354 , -122.409596
37.794354 , -122.410505
37.795073 , -122.410505
37.795432 , -122.410959
37.795432 , -122.410504
37.795073 , -122.41005
37.795073 , -122.409595
37.796151 , -122.409594
37.796151 , -122.410049
37.79651 , -122.410958
37.796869 , -122.410958
37.797229 , -122.410957
37.797588 , -122.410957
37.797229 , -122.410503
37.797229 , -122.410048
37.797947 , -122.410047
37.797229 , -122.409138
37.797229 , -122.408229
37.797229 , -122.407774
37.796869 , -122.407775
37.79651 , -122.40732
37.796151 , -122.407321
37.795073 , -122.407776
37.795432 , -122.407776
37.79651 , -122.40823
37.796151 , -122.408685
37.795432 , -122.408685
37.794713 , -122.408686
37.793995 , -122.408687
37.793635 , -122.408687
37.793635 , -122.409142
37.793276 , -122.409597
37.792917 , -122.409142
37.792198 , -122.410053
37.791839 , -122.410053
37.791479 , -122.409598
37.791839 , -122.409143
37.791839 , -122.408689
37.792198 , -122.408688
37.792557 , -122.408233
37.792917 , -122.408233
37.793276 , -122.408233
37.793635 , -122.408232
37.793635 , -122.407778
37.793995 , -122.407777
37.794354 , -122.407322
37.794713 , -122.407777
37.794713 , -122.407322
37.795791 , -122.406866
37.795791 , -122.406411
37.796151 , -122.406866
37.79651 , -122.406865
37.79651 , -122.406411
37.796869 , -122.40641
37.796869 , -122.405956
37.797229 , -122.405955
37.797588 , -122.405955
37.797947 , -122.405955
37.797588 , -122.40641
37.797588 , -122.406864
37.797229 , -122.406865
37.797229 , -122.407319
37.797588 , -122.407319
37.797588 , -122.407774
37.797947 , -122.407774
37.798307 , -122.407318
37.798307 , -122.407773
37.798307 , -122.408228
37.798666 , -122.408228
37.799025 , -122.408227
37.799385 , -122.408227
37.799385 , -122.408682
37.799744 , -122.408681
37.800103 , -122.409136
37.799385 , -122.409136
37.799025 , -122.409137
37.798307 , -122.408683
37.798307 , -122.409137
37.798666 , -122.409137
37.799025 , -122.409592
37.799385 , -122.409591
37.799385 , -122.410046
37.799025 , -122.410046
37.799025 , -122.410501
37.799025 , -122.410956
37.799385 , -122.410955
37.799744 , -122.410955
37.799744 , -122.4105
37.800463 , -122.410954
37.800463 , -122.4105
37.801181 , -122.410499
37.800822 , -122.410045
37.800463 , -122.410045
37.800103 , -122.410045
37.800103 , -122.409591
37.800463 , -122.40959
37.800822 , -122.40959
37.801181 , -122.40959
37.801181 , -122.409135
37.801181 , -122.408225
37.800822 , -122.408226
37.800463 , -122.408226
37.800822 , -122.407771
37.801181 , -122.407316
37.802259 , -122.407315
37.802259 , -122.407769
37.8019 , -122.408225
37.802259 , -122.408224
37.803337 , -122.408678
37.804415 , -122.408677
37.804774 , -122.408677
37.805134 , -122.408676
37.805134 , -122.407767
37.805852 , -122.407766
37.806212 , -122.407766
37.80729 , -122.40731
37.80693 , -122.406855
37.80693 , -122.406401
37.805493 , -122.405492
37.805493 , -122.405038
37.805852 , -122.405037
37.806212 , -122.405037
37.806212 , -122.404582
37.80729 , -122.402762
37.805134 , -122.404128
37.804774 , -122.403674
37.804415 , -122.403674
37.803696 , -122.40413
37.803696 , -122.405039
37.803337 , -122.405495
37.804056 , -122.405949
37.803337 , -122.406859
37.802978 , -122.406859
37.802619 , -122.40686
37.802619 , -122.406405
37.802259 , -122.406405
37.8019 , -122.406406
37.800103 , -122.407772
37.799385 , -122.407317
37.798666 , -122.405954
37.798666 , -122.40459
37.797947 , -122.40459
37.797588 , -122.404136
37.797229 , -122.403682
37.796869 , -122.403682
37.79651 , -122.403682
37.796151 , -122.403683
37.79651 , -122.403228
37.796869 , -122.403227
37.797229 , -122.402772
37.800103 , -122.401405
37.799744 , -122.40186
37.799385 , -122.40186
37.800822 , -122.401859
37.800822 , -122.402314
37.800103 , -122.403224
37.799744 , -122.403224
37.800103 , -122.404588
37.801181 , -122.405042
37.801541 , -122.405042
37.801541 , -122.405496
37.8019 , -122.405951
37.802619 , -122.405495
37.802978 , -122.40504
37.802619 , -122.40504
37.802259 , -122.405041
37.801541 , -122.404587
37.801541 , -122.404132
37.8019 , -122.403677
37.802259 , -122.403677
37.8019 , -122.403222
37.8019 , -122.402767
37.802619 , -122.401857
37.802978 , -122.402766
37.803696 , -122.40322
37.804415 , -122.402765
37.804415 , -122.40231
37.804415 , -122.401855
37.804056 , -122.40231
37.803696 , -122.402311
37.803337 , -122.401856
37.802978 , -122.401857
37.802978 , -122.401402
37.802619 , -122.401402
37.802259 , -122.401403
37.8019 , -122.401858
37.801541 , -122.401858
37.8019 , -122.401403
37.8019 , -122.400494
37.801541 , -122.400494
37.800822 , -122.399585
37.800463 , -122.399586
37.800463 , -122.399131
37.800822 , -122.39913
37.801181 , -122.39913
37.801181 , -122.398675
37.800822 , -122.398676
37.800822 , -122.398221
37.801181 , -122.39822
37.801541 , -122.39822
37.801541 , -122.397765
37.801541 , -122.396856
37.8019 , -122.396855
37.802259 , -122.39731
37.8019 , -122.39731
37.801541 , -122.397311
37.801181 , -122.397311
37.801181 , -122.397766
37.799744 , -122.395039
37.798666 , -122.397314
37.798666 , -122.397768
37.798307 , -122.397314
37.797588 , -122.39686
37.797588 , -122.396405
37.797229 , -122.395951
37.796869 , -122.395951
37.796869 , -122.395497
37.79651 , -122.395497
37.79651 , -122.395042
37.796869 , -122.394587
37.797229 , -122.394132
37.797588 , -122.393677
37.79651 , -122.393678
37.796151 , -122.394133
37.796151 , -122.395043
37.795791 , -122.395043
37.795791 , -122.394588
37.795432 , -122.394589
37.795073 , -122.394589
37.794713 , -122.394135
37.795073 , -122.394135
37.795432 , -122.394134
37.794713 , -122.39459
37.794354 , -122.39459
37.793995 , -122.394136
37.793635 , -122.394136
37.793635 , -122.394591
37.793635 , -122.395046
37.792917 , -122.395501
37.792917 , -122.396411
37.793276 , -122.39641
37.794354 , -122.396864
37.793995 , -122.396409
37.793635 , -122.395955
37.793635 , -122.3955
37.793995 , -122.39459
37.794354 , -122.395045
37.794354 , -122.395499
37.795073 , -122.395499
37.795073 , -122.395953
37.794713 , -122.395954
37.794713 , -122.396409
37.795073 , -122.396408
37.795791 , -122.396407
37.796151 , -122.395952
37.796151 , -122.396407
37.79651 , -122.397316
37.797229 , -122.39777
37.795791 , -122.398226
37.795432 , -122.397772
37.795073 , -122.397318
37.794713 , -122.397773
37.794354 , -122.397773
37.793995 , -122.397773
37.793995 , -122.398228
37.793995 , -122.398683
37.794354 , -122.398683
37.794713 , -122.398682
37.794713 , -122.399137
37.795073 , -122.399136
37.795432 , -122.399136
37.800463 , -122.398221
37.800103 , -122.398676
37.799385 , -122.398222
37.798666 , -122.398223
37.799385 , -122.400496
37.798307 , -122.400952
37.797947 , -122.400498
37.797588 , -122.400953
37.797229 , -122.400953
37.797229 , -122.400498
37.796869 , -122.400044
37.796869 , -122.399589
37.797229 , -122.399589
37.797588 , -122.399589
37.797588 , -122.399134
37.797229 , -122.399134
37.796869 , -122.399135
37.79651 , -122.39868
37.796151 , -122.398681
37.795791 , -122.399136
37.795432 , -122.399591
37.795432 , -122.400046
37.795073 , -122.400046
37.794713 , -122.400046
37.794354 , -122.400047
37.794354 , -122.400501
37.794354 , -122.400956
37.794713 , -122.400956
37.795073 , -122.40141
37.795432 , -122.40141
37.795432 , -122.400955
37.795791 , -122.400955
37.796151 , -122.4005
37.796151 , -122.400954
37.79651 , -122.400954
37.796869 , -122.401863
37.79651 , -122.402318
37.796151 , -122.401409
37.795791 , -122.401864
37.796151 , -122.402318
37.796151 , -122.402773
37.796151 , -122.403228
37.795791 , -122.403228
37.795432 , -122.403229
37.795432 , -122.403683
37.795073 , -122.403229
37.795073 , -122.402774
37.794713 , -122.402775
37.794354 , -122.402775
37.794354 , -122.40232
37.793995 , -122.401866
37.794354 , -122.401411
37.793995 , -122.401411
37.793635 , -122.401412
37.793635 , -122.402321
37.793635 , -122.402776
37.793995 , -122.40323
37.793995 , -122.403685
37.793635 , -122.403685
37.793276 , -122.403686
37.792917 , -122.403686
37.792198 , -122.403687
37.791839 , -122.403687
37.791839 , -122.403232
37.792557 , -122.402777
37.792917 , -122.402776
37.793276 , -122.402776
37.793276 , -122.403231
37.792917 , -122.403231
37.792557 , -122.403232
37.791839 , -122.402778
37.791479 , -122.402323
37.791839 , -122.402323
37.792198 , -122.402322
37.792557 , -122.402322
37.792917 , -122.402322
37.793276 , -122.401867
37.792917 , -122.401867
37.792917 , -122.401412
37.792557 , -122.401413
37.792557 , -122.400958
37.792917 , -122.400958
37.792917 , -122.400503
37.792917 , -122.400048
37.793635 , -122.400502
37.793995 , -122.400957
37.793995 , -122.399592
37.794354 , -122.399137
37.793995 , -122.399138
37.793635 , -122.399138
37.793276 , -122.399593
37.793276 , -122.399138
37.793276 , -122.398229
37.792917 , -122.398684
37.792557 , -122.39823
37.792557 , -122.397775
37.793276 , -122.39732
37.792917 , -122.39732
37.792557 , -122.39732
37.792198 , -122.397321
37.791839 , -122.397321
37.791839 , -122.398231
37.792198 , -122.39914
37.792198 , -122.399594
37.792198 , -122.400049
37.791839 , -122.400959
37.791839 , -122.401413
37.791479 , -122.401414
37.791479 , -122.401869
37.790761 , -122.401869
37.790761 , -122.401415
37.79112 , -122.400959
37.79112 , -122.400505
37.790761 , -122.400505
37.790401 , -122.40096
37.789683 , -122.400961
37.789323 , -122.400507
37.788605 , -122.399598
37.788605 , -122.399143
37.788964 , -122.399143
37.789323 , -122.399143
37.789323 , -122.399597
37.789683 , -122.399597
37.790042 , -122.400051
37.790761 , -122.399596
37.79112 , -122.399595
37.791479 , -122.39914
37.79112 , -122.399141
37.790761 , -122.399141
37.790761 , -122.398686
37.790401 , -122.398687
37.790401 , -122.397777
37.79112 , -122.397322
37.791479 , -122.396412
37.790401 , -122.396413
37.790761 , -122.395958
37.790761 , -122.395503
37.790401 , -122.394594
37.790401 , -122.39414
37.789323 , -122.393686
37.788964 , -122.392777
37.787886 , -122.391415
37.788245 , -122.391414
37.788964 , -122.390959
37.789323 , -122.390503
37.788605 , -122.39005
37.788964 , -122.390049
37.789323 , -122.390049
37.789683 , -122.390048
37.790042 , -122.390048
37.790042 , -122.390503
37.790042 , -122.390957
37.789323 , -122.391413
37.789683 , -122.391867
37.790761 , -122.391411
37.790761 , -122.391866
37.79112 , -122.391865
37.79112 , -122.39232
37.790761 , -122.392321
37.790761 , -122.39323
37.79112 , -122.393684
37.79112 , -122.394139
37.791479 , -122.394593
37.791839 , -122.394138
37.792198 , -122.394138
37.792557 , -122.394137
37.792917 , -122.394137
37.792917 , -122.393682
37.792557 , -122.393683
37.792198 , -122.393683
37.791839 , -122.393683
37.791479 , -122.393229
37.791839 , -122.392774
37.791839 , -122.391865
37.792198 , -122.391864
37.792557 , -122.391864
37.792557 , -122.392319
37.792557 , -122.392773
37.792557 , -122.393228
37.793276 , -122.393227
37.793635 , -122.392772
37.793995 , -122.393226
37.793995 , -122.393681
37.794354 , -122.393681
37.794713 , -122.39368
37.795073 , -122.39368
37.794713 , -122.393225
37.795432 , -122.39277
37.795073 , -122.39277
37.794713 , -122.392771
37.793995 , -122.392317
37.793635 , -122.392317
37.793276 , -122.392318
37.793276 , -122.391863
37.793635 , -122.391863
37.793635 , -122.391408
37.793276 , -122.391408
37.793635 , -122.390953
37.793995 , -122.390498
37.793995 , -122.390043
37.792198 , -122.390955
37.791839 , -122.390955
37.791479 , -122.390501
37.79112 , -122.390501
37.790761 , -122.390502
37.79112 , -122.390047
37.790761 , -122.389592
37.790401 , -122.389138
37.790042 , -122.389139
37.789683 , -122.389139
37.789323 , -122.389139
37.788964 , -122.38914
37.788605 , -122.38914
37.788964 , -122.38823
37.788605 , -122.388231
37.788245 , -122.388231
37.787886 , -122.388686
37.787527 , -122.388687
37.787527 , -122.387778
37.787167 , -122.387778
37.786808 , -122.387778
37.786449 , -122.387779
37.785371 , -122.388235
37.782137 , -122.389148
37.782496 , -122.389602
37.782496 , -122.390057
37.783215 , -122.390056
37.783574 , -122.390965
37.784652 , -122.391418
37.785012 , -122.390963
37.784652 , -122.390509
37.787527 , -122.390051
37.787527 , -122.39096
37.787167 , -122.390961
37.78609 , -122.390507
37.784652 , -122.389145
37.784652 , -122.38869
37.784293 , -122.388236
37.784293 , -122.388691
37.783934 , -122.388691
37.783574 , -122.388692
37.783215 , -122.388692
37.783215 , -122.388237
37.782856 , -122.388238
37.782496 , -122.388238
37.782137 , -122.388239
37.781778 , -122.388239
37.781418 , -122.38733
37.781418 , -122.38824
37.781059 , -122.38824
37.781059 , -122.388695
37.7807 , -122.388695
37.7807 , -122.38824
37.78034 , -122.388241
37.78034 , -122.388696
37.779981 , -122.388241
37.778544 , -122.388698
37.778184 , -122.388698
37.778184 , -122.388244
37.777825 , -122.388244
37.777825 , -122.388699
37.777466 , -122.388699
37.777466 , -122.389154
37.777466 , -122.389608
37.777106 , -122.390063
37.777106 , -122.390518
37.778903 , -122.389152
37.779262 , -122.389606
37.778903 , -122.390061
37.778544 , -122.390516
37.778903 , -122.390516
37.778903 , -122.39097
37.778544 , -122.390971
37.778184 , -122.390971
37.777466 , -122.390972
37.777106 , -122.390972
37.776747 , -122.390973
37.776388 , -122.390519
37.776028 , -122.390065
37.775669 , -122.390065
37.77531 , -122.390065
37.776028 , -122.38961
37.776028 , -122.389155
37.776388 , -122.389155
37.776028 , -122.388701
37.776028 , -122.388246
37.776388 , -122.388246
37.776028 , -122.387792
37.775669 , -122.388247
37.77531 , -122.387792
37.77495 , -122.387793
37.773154 , -122.387795
37.772794 , -122.387795
37.772076 , -122.387342
37.771716 , -122.386888
37.770998 , -122.386888
37.770638 , -122.386889
37.76992 , -122.387344
37.76992 , -122.387799
37.770279 , -122.387798
37.770279 , -122.389162
37.770998 , -122.389161
37.771716 , -122.389615
37.768123 , -122.392801
37.767764 , -122.392347
37.767405 , -122.392348
37.767045 , -122.391893
37.766686 , -122.391439
37.767764 , -122.391893
37.768123 , -122.391892
37.769201 , -122.391436
37.768842 , -122.390982
37.768483 , -122.390528
37.768123 , -122.390074
37.767405 , -122.389166
37.767045 , -122.388712
37.766327 , -122.387349
37.765967 , -122.387804
37.765967 , -122.388258
37.765608 , -122.390986
37.765249 , -122.390986
37.765249 , -122.39235
37.764171 , -122.391442
37.76453 , -122.390987
37.765249 , -122.390532
37.764889 , -122.389623
37.76453 , -122.389624
37.763452 , -122.38917
37.763093 , -122.389171
37.762733 , -122.389626
37.758421 , -122.391449
37.759859 , -122.391902
37.760937 , -122.3919
37.761296 , -122.392355
37.761655 , -122.3919
37.761655 , -122.390991
37.761296 , -122.390082
37.760937 , -122.390537
37.760937 , -122.390991
37.760218 , -122.391447
37.760218 , -122.390992
37.760218 , -122.390083
37.758781 , -122.390085
37.758062 , -122.39054
37.758062 , -122.390086
37.757703 , -122.390086
37.757343 , -122.390541
37.757343 , -122.390996
37.754828 , -122.391908
37.757343 , -122.389632
37.757703 , -122.389177
37.756265 , -122.389179
37.755906 , -122.389179
37.755906 , -122.388725
37.756265 , -122.38827
37.756625 , -122.38827
37.756984 , -122.388724
37.757343 , -122.388723
37.757703 , -122.388723
37.757703 , -122.387814
37.758781 , -122.389176
37.75914 , -122.388721
37.760218 , -122.386447
37.760218 , -122.386902
37.760218 , -122.387811
37.760577 , -122.388265
37.760218 , -122.388265
37.760218 , -122.38872
37.760218 , -122.389174
37.760577 , -122.389174
37.760937 , -122.389173
37.761296 , -122.389173
37.763452 , -122.388261
37.763811 , -122.388261
37.765249 , -122.386896
37.765608 , -122.386895
37.766327 , -122.386894
37.767045 , -122.386893
37.767405 , -122.386893
37.767764 , -122.387347
37.768123 , -122.386892
37.768483 , -122.387346
37.768483 , -122.387801
37.768483 , -122.388255
37.768123 , -122.388256
37.768483 , -122.38871
37.768842 , -122.389618
37.768842 , -122.390073
37.768842 , -122.390528
37.769201 , -122.390527
37.76992 , -122.390072
37.770279 , -122.390071
37.770279 , -122.390526
37.76992 , -122.390981
37.770638 , -122.391435
37.770279 , -122.39189
37.770638 , -122.391889
37.771716 , -122.392797
37.773154 , -122.393705
37.772435 , -122.39416
37.773154 , -122.395523
37.773513 , -122.395977
37.77495 , -122.395521
37.77531 , -122.395521
37.77531 , -122.395066
37.776388 , -122.395065
37.776028 , -122.394611
37.776028 , -122.394156
37.77495 , -122.393703
37.77495 , -122.393248
37.773872 , -122.39234
37.772794 , -122.390068
37.776028 , -122.391428
37.776388 , -122.391883
37.776747 , -122.391428
37.777106 , -122.391427
37.777106 , -122.391882
37.776388 , -122.392792
37.776388 , -122.393246
37.776747 , -122.393246
37.777106 , -122.3937
37.777466 , -122.394609
37.777106 , -122.395064
37.777106 , -122.395973
37.777466 , -122.395973
37.777825 , -122.396427
37.778184 , -122.397336
37.778544 , -122.39779
37.778903 , -122.39779
37.779262 , -122.397335
37.778903 , -122.396881
37.778544 , -122.396426
37.778903 , -122.396426
37.779262 , -122.396425
37.779262 , -122.395971
37.778903 , -122.395971
37.779622 , -122.395516
37.78034 , -122.396424
37.7807 , -122.395969
37.781059 , -122.396424
37.781418 , -122.396423
37.781059 , -122.395514
37.781418 , -122.395514
37.781778 , -122.395513
37.781418 , -122.395059
37.781059 , -122.394605
37.7807 , -122.394605
37.781059 , -122.39415
37.7807 , -122.393696
37.781778 , -122.39415
37.782137 , -122.394604
37.781778 , -122.395059
37.781418 , -122.394605
37.7807 , -122.394151
37.779622 , -122.394607
37.778544 , -122.394153
37.779262 , -122.393698
37.778903 , -122.393698
37.778184 , -122.393244
37.778903 , -122.392789
37.778544 , -122.392789
37.778184 , -122.392335
37.778184 , -122.39188
37.777825 , -122.391881
37.777466 , -122.391427
37.777825 , -122.391426
37.778184 , -122.391426
37.778544 , -122.391425
37.779622 , -122.391879
37.779622 , -122.390515
37.7807 , -122.390059
37.779981 , -122.390969
37.78034 , -122.391423
37.781778 , -122.391876
37.782496 , -122.391421
37.782137 , -122.392331
37.782137 , -122.39324
37.782137 , -122.393694
37.782496 , -122.393239
37.782856 , -122.393694
37.782856 , -122.394148
37.783215 , -122.394603
37.785012 , -122.394146
37.78609 , -122.393235
37.786449 , -122.39278
37.786449 , -122.392326
37.78609 , -122.391871
37.786449 , -122.391871
37.787167 , -122.392325
37.788245 , -122.393233
37.787886 , -122.393688
37.787167 , -122.393689
37.787527 , -122.394143
37.787527 , -122.394598
37.787167 , -122.394598
37.788964 , -122.395505
37.789323 , -122.395505
37.789683 , -122.39505
37.790042 , -122.395504
37.790042 , -122.395959
37.789683 , -122.395959
37.789683 , -122.396414
37.790042 , -122.397323
37.789323 , -122.396869
37.788964 , -122.39687
37.788245 , -122.39687
37.788245 , -122.397325
37.788605 , -122.397325
37.789323 , -122.397324
37.789323 , -122.398233
37.788964 , -122.398234
37.788605 , -122.398234
37.788245 , -122.398234
37.788245 , -122.398689
37.787886 , -122.398689
37.787527 , -122.39869
37.787167 , -122.39869
37.787167 , -122.399145
37.787527 , -122.399144
37.787886 , -122.399144
37.787886 , -122.399599
37.787527 , -122.399599
37.787167 , -122.3996
37.787167 , -122.400054
37.787527 , -122.400054
37.788245 , -122.400053
37.788605 , -122.400053
37.788605 , -122.400507
37.788964 , -122.400962
37.788605 , -122.400962
37.788245 , -122.400962
37.788605 , -122.401417
37.788964 , -122.401871
37.789323 , -122.401416
37.790042 , -122.401415
37.790042 , -122.40187
37.789683 , -122.402325
37.789683 , -122.40278
37.789323 , -122.40278
37.788964 , -122.40278
37.788605 , -122.402326
37.788245 , -122.402327
37.787886 , -122.402327
37.787886 , -122.401872
37.787527 , -122.401418
37.787167 , -122.400964
37.786808 , -122.400964
37.786449 , -122.400964
37.786449 , -122.401419
37.78609 , -122.401874
37.786449 , -122.401874
37.786808 , -122.402328
37.78609 , -122.402783
37.78609 , -122.403238
37.786449 , -122.403692
37.78609 , -122.404147
37.78573 , -122.404148
37.785371 , -122.404148
37.78573 , -122.403693
37.785371 , -122.403239
37.785012 , -122.403239
37.785012 , -122.403694
37.784652 , -122.403694
37.784293 , -122.403695
37.784293 , -122.40324
37.784293 , -122.402785
37.783934 , -122.402786
37.783934 , -122.402331
37.783574 , -122.402331
37.783574 , -122.401877
37.784293 , -122.401876
37.784293 , -122.402331
37.784652 , -122.40233
37.785012 , -122.402784
37.785371 , -122.402784
37.785371 , -122.402329
37.78573 , -122.402329
37.78573 , -122.401874
37.785371 , -122.401875
37.785012 , -122.401875
37.785012 , -122.40142
37.785371 , -122.40142
37.78573 , -122.40142
37.78573 , -122.400965
37.78609 , -122.400965
37.78609 , -122.40051
37.78573 , -122.40051
37.78609 , -122.400055
37.786449 , -122.400055
37.78609 , -122.399601
37.78573 , -122.399601
37.785012 , -122.400056
37.784652 , -122.400057
37.784293 , -122.400512
37.784293 , -122.400967
37.783934 , -122.401422
37.783574 , -122.400967
37.783215 , -122.401422
37.782856 , -122.401423
37.782856 , -122.401877
37.782496 , -122.401878
37.782137 , -122.402333
37.781778 , -122.402333
37.781418 , -122.401879
37.7807 , -122.402789
37.781059 , -122.403243
37.7807 , -122.403698
37.779262 , -122.404609
37.779622 , -122.404154
37.779622 , -122.403699
37.779981 , -122.403699
37.78034 , -122.403244
37.779622 , -122.401426
37.7807 , -122.400061
37.781059 , -122.40097
37.782137 , -122.401423
37.782496 , -122.401423
37.782496 , -122.400968
37.782496 , -122.400514
37.781778 , -122.40006
37.782137 , -122.399605
37.782496 , -122.399604
37.783215 , -122.399604
37.783574 , -122.399603
37.783934 , -122.399603
37.784652 , -122.399602
37.78609 , -122.398691
37.786808 , -122.398236
37.787167 , -122.398236
37.787527 , -122.398235
37.787886 , -122.398235
37.787527 , -122.39778
37.787167 , -122.397781
37.786808 , -122.397781
37.787167 , -122.397326
37.786808 , -122.396872
37.787167 , -122.396871
37.787527 , -122.396871
37.787886 , -122.396871
37.788605 , -122.396415
37.788245 , -122.395961
37.787886 , -122.396416
37.787527 , -122.395962
37.786449 , -122.395963
37.78609 , -122.398237
37.78573 , -122.398237
37.785371 , -122.397783
37.78573 , -122.397782
37.78573 , -122.397328
37.785371 , -122.397328
37.785371 , -122.396873
37.785012 , -122.396419
37.784652 , -122.39642
37.784652 , -122.395965
37.783934 , -122.395966
37.783934 , -122.39642
37.784652 , -122.397329
37.785012 , -122.397783
37.784293 , -122.398239
37.783934 , -122.398239
37.783934 , -122.398694
37.783574 , -122.399149
37.782856 , -122.39824
37.781778 , -122.397787
37.781778 , -122.398241
37.781778 , -122.398696
37.781059 , -122.399151
37.78034 , -122.398243
37.779981 , -122.397789
37.779622 , -122.398244
37.779262 , -122.398244
37.778903 , -122.398244
37.778903 , -122.398699
37.778903 , -122.399154
37.778544 , -122.399609
37.777825 , -122.400519
37.777106 , -122.400065
37.776388 , -122.399156
37.776388 , -122.397792
37.775669 , -122.396884
37.775669 , -122.399612
37.77531 , -122.399612
37.77495 , -122.399158
37.774591 , -122.398704
37.773513 , -122.399614
37.772794 , -122.400978
37.773154 , -122.401433
37.774591 , -122.401431
37.774232 , -122.402795
37.772794 , -122.403251
37.772435 , -122.40507
37.773513 , -122.405524
37.774591 , -122.405977
37.774591 , -122.405523
37.774232 , -122.405068
37.774232 , -122.404614
37.77495 , -122.404613
37.77495 , -122.404158
37.775669 , -122.402794
37.776747 , -122.402338
37.777106 , -122.401429
37.777466 , -122.401883
37.778184 , -122.401428
37.778184 , -122.402337
37.778184 , -122.402791
37.777825 , -122.403246
37.776747 , -122.404157
37.778903 , -122.403245
37.779262 , -122.403245
37.778903 , -122.4037
37.778903 , -122.404155
37.778544 , -122.40461
37.777825 , -122.40461
37.777466 , -122.405065
37.778184 , -122.405519
37.778544 , -122.405973
37.778544 , -122.406428
37.778903 , -122.406882
37.779262 , -122.407337
37.778903 , -122.407337
37.778544 , -122.407337
37.778544 , -122.407792
37.778903 , -122.407792
37.778903 , -122.408246
37.778903 , -122.408701
37.778903 , -122.409155
37.778903 , -122.40961
37.779262 , -122.40961
37.779622 , -122.410519
37.779262 , -122.410974
37.779262 , -122.411428
37.779981 , -122.411882
37.7807 , -122.411882
37.781059 , -122.412336
37.7807 , -122.412791
37.779981 , -122.412791
37.779622 , -122.412792
37.779262 , -122.412337
37.779262 , -122.412792
37.779622 , -122.413246
37.779622 , -122.413701
37.779262 , -122.413701
37.778903 , -122.414156
37.779262 , -122.414156
37.779622 , -122.415065
37.779622 , -122.41461
37.779622 , -122.414156
37.779981 , -122.414155
37.78034 , -122.413246
37.7807 , -122.4137
37.7807 , -122.414155
37.781418 , -122.414609
37.781418 , -122.415518
37.7807 , -122.415064
37.7807 , -122.415519
37.78034 , -122.415974
37.779622 , -122.415974
37.779622 , -122.41552
37.779262 , -122.41552
37.778903 , -122.415066
37.778544 , -122.415066
37.778544 , -122.41552
37.778184 , -122.415521
37.777825 , -122.415521
37.776388 , -122.415977
37.776028 , -122.415523
37.776028 , -122.415068
37.776028 , -122.414613
37.777106 , -122.412339
37.776388 , -122.41234
37.776028 , -122.411886
37.775669 , -122.412341
37.77531 , -122.412796
37.77495 , -122.412796
37.77495 , -122.41325
37.77531 , -122.413705
37.776028 , -122.413704
37.776388 , -122.414158
37.777106 , -122.413703
37.777466 , -122.414158
37.777825 , -122.414157
37.778184 , -122.414157
37.777825 , -122.413703
37.777466 , -122.413703
37.777466 , -122.413248
37.778184 , -122.412793
37.778184 , -122.412338
37.778544 , -122.411883
37.778544 , -122.411429
37.778903 , -122.410974
37.778544 , -122.410974
37.778184 , -122.41052
37.778184 , -122.411884
37.777825 , -122.411884
37.777825 , -122.411429
37.777466 , -122.41143
37.776747 , -122.410976
37.776388 , -122.411431
37.776028 , -122.411431
37.776388 , -122.410522
37.776747 , -122.410067
37.776747 , -122.410521
37.777106 , -122.410521
37.777106 , -122.410066
37.776747 , -122.409612
37.776388 , -122.409612
37.776747 , -122.408703
37.776388 , -122.408249
37.776028 , -122.407794
37.776747 , -122.408248
37.777106 , -122.408248
37.777466 , -122.408702
37.777106 , -122.409612
37.777466 , -122.410066
37.777825 , -122.410066
37.778184 , -122.410065
37.778184 , -122.409611
37.777825 , -122.409611
37.777825 , -122.409156
37.778184 , -122.409156
37.778544 , -122.408701
37.778184 , -122.408247
37.777466 , -122.407793
37.778184 , -122.406883
37.777466 , -122.406884
37.776747 , -122.406884
37.776028 , -122.40734
37.77495 , -122.407341
37.77495 , -122.407795
37.77531 , -122.407795
37.77531 , -122.40825
37.775669 , -122.408249
37.776028 , -122.408703
37.775669 , -122.409158
37.77531 , -122.409613
37.77531 , -122.410068
37.77531 , -122.410977
37.77495 , -122.410523
37.774591 , -122.410523
37.774232 , -122.410978
37.774232 , -122.410069
37.773872 , -122.410069
37.773872 , -122.409615
37.774232 , -122.40916
37.774591 , -122.408705
37.774232 , -122.408705
37.773872 , -122.408705
37.773513 , -122.40916
37.772076 , -122.407798
37.771716 , -122.408253
37.767405 , -122.413712
37.768123 , -122.414166
37.768123 , -122.415529
37.767405 , -122.415984
37.766686 , -122.415985
37.767045 , -122.416894
37.767405 , -122.416893
37.767764 , -122.417348
37.768123 , -122.417347
37.768123 , -122.416893
37.768123 , -122.416438
37.768483 , -122.416438
37.768842 , -122.416438
37.768842 , -122.416892
37.768842 , -122.417347
37.769201 , -122.417801
37.76992 , -122.417801
37.771357 , -122.41689
37.772076 , -122.41689
37.772794 , -122.416434
37.772794 , -122.41598
37.772076 , -122.415526
37.771716 , -122.415072
37.771357 , -122.414617
37.770998 , -122.414618
37.770998 , -122.415072
37.770638 , -122.415527
37.770638 , -122.415982
37.770279 , -122.415982
37.76992 , -122.415528
37.769561 , -122.415528
37.769561 , -122.415983
37.768842 , -122.415983
37.768842 , -122.415529
37.768842 , -122.415074
37.769201 , -122.415074
37.769561 , -122.414619
37.769561 , -122.41371
37.76992 , -122.413709
37.769561 , -122.412346
37.769201 , -122.411892
37.768123 , -122.411438
37.767405 , -122.411439
37.767045 , -122.411439
37.766327 , -122.41144
37.765967 , -122.410986
37.765249 , -122.410986
37.765249 , -122.411441
37.765967 , -122.411895
37.765967 , -122.412349
37.765249 , -122.41235
37.765249 , -122.412804
37.765249 , -122.413259
37.765249 , -122.414168
37.764889 , -122.414623
37.763452 , -122.414624
37.763093 , -122.415533
37.763452 , -122.415988
37.764171 , -122.416896
37.765608 , -122.417804
37.765967 , -122.417804
37.766327 , -122.417803
37.768483 , -122.418256
37.768123 , -122.418257
37.767405 , -122.418257
37.767045 , -122.418257
37.766686 , -122.418712
37.766686 , -122.419621
37.766327 , -122.419622
37.766327 , -122.420076
37.765608 , -122.420077
37.765249 , -122.420077
37.764889 , -122.420077
37.764889 , -122.419623
37.76453 , -122.419623
37.76453 , -122.419169
37.764889 , -122.418714
37.76453 , -122.417805
37.763811 , -122.417805
37.763452 , -122.417351
37.763093 , -122.417352
37.762733 , -122.417806
37.762015 , -122.417807
37.761655 , -122.417807
37.761296 , -122.417808
37.762374 , -122.418716
37.763093 , -122.41917
37.763452 , -122.419169
37.763811 , -122.420078
37.763811 , -122.420987
37.764171 , -122.420987
37.76453 , -122.420532
37.764889 , -122.420532
37.764889 , -122.420986
37.76453 , -122.420987
37.76453 , -122.421441
37.76453 , -122.421896
37.76453 , -122.42235
37.765249 , -122.42235
37.765249 , -122.421895
37.765608 , -122.421895
37.765967 , -122.421895
37.765967 , -122.422349
37.766327 , -122.421894
37.766686 , -122.421894
37.766327 , -122.42144
37.767045 , -122.420985
37.767045 , -122.42053
37.766686 , -122.42053
37.767764 , -122.420984
37.768123 , -122.420075
37.768483 , -122.420075
37.768842 , -122.41962
37.769561 , -122.420528
37.770638 , -122.418709
37.772076 , -122.419163
37.772076 , -122.418708
37.772794 , -122.418707
37.773154 , -122.418707
37.773154 , -122.418253
37.773872 , -122.417797
37.774232 , -122.416888
37.774232 , -122.415979
37.773872 , -122.415979
37.773513 , -122.415979
37.773154 , -122.415525
37.773513 , -122.414615
37.773513 , -122.41507
37.773872 , -122.41507
37.774232 , -122.415069
37.774232 , -122.414615
37.774232 , -122.41416
37.773872 , -122.414161
37.773513 , -122.413706
37.773154 , -122.413707
37.772794 , -122.413707
37.772435 , -122.413253
37.772794 , -122.413252
37.772794 , -122.412798
37.772435 , -122.412798
37.772076 , -122.412798
37.771357 , -122.412799
37.770998 , -122.412345
37.770638 , -122.413254
37.770638 , -122.413709
37.770998 , -122.413708
37.771357 , -122.414163
37.772076 , -122.413708
37.771716 , -122.412344
37.771716 , -122.411435
37.772076 , -122.410525
37.772435 , -122.410071
37.772435 , -122.410525
37.772794 , -122.410979
37.773154 , -122.410979
37.773154 , -122.411434
37.773513 , -122.411888
37.773513 , -122.412343
37.773872 , -122.412797
37.774232 , -122.412342
37.774591 , -122.412796
37.774232 , -122.413251
37.774591 , -122.413705
37.77495 , -122.41416
37.774591 , -122.41416
37.77531 , -122.415523
37.77531 , -122.415978
37.77531 , -122.416432
37.776028 , -122.416886
37.776028 , -122.417341
37.776028 , -122.417796
37.776028 , -122.41825
37.776747 , -122.41825
37.777466 , -122.418249
37.777825 , -122.418703
37.777106 , -122.419159
37.777106 , -122.419613
37.777825 , -122.419613
37.777825 , -122.420067
37.778544 , -122.420067
37.778903 , -122.420066
37.779262 , -122.420521
37.779262 , -122.420975
37.778903 , -122.420976
37.778544 , -122.420976
37.778184 , -122.420976
37.777825 , -122.420522
37.777466 , -122.420522
37.777106 , -122.420522
37.776747 , -122.420523
37.776388 , -122.420068
37.775669 , -122.420069
37.77531 , -122.419615
37.77531 , -122.420069
37.77495 , -122.420069
37.774591 , -122.42007
37.774591 , -122.420524
37.77495 , -122.420524
37.77531 , -122.420978
37.775669 , -122.420978
37.776028 , -122.421432
37.776028 , -122.421887
37.776028 , -122.422342
37.775669 , -122.422342
37.774591 , -122.420979
37.774232 , -122.420979
37.772794 , -122.423708
37.772794 , -122.424162
37.773872 , -122.42598
37.77531 , -122.425524
37.77531 , -122.426888
37.774591 , -122.427798
37.773154 , -122.428708
37.772076 , -122.428254
37.771716 , -122.429164
37.771716 , -122.429618
37.772076 , -122.429618
37.772076 , -122.430073
37.772076 , -122.430527
37.771716 , -122.430527
37.771357 , -122.430528
37.770998 , -122.430528
37.770998 , -122.430982
37.771716 , -122.430982
37.771716 , -122.431437
37.771716 , -122.431891
37.771357 , -122.432346
37.771357 , -122.4328
37.771716 , -122.4328
37.772076 , -122.4328
37.772435 , -122.433254
37.771716 , -122.433255
37.771357 , -122.433255
37.771357 , -122.43371
37.771357 , -122.434164
37.771716 , -122.434164
37.772076 , -122.434618
37.771357 , -122.434619
37.770998 , -122.434164
37.770638 , -122.434165
37.771357 , -122.435528
37.772076 , -122.435528
37.772076 , -122.435982
37.772794 , -122.435982
37.773872 , -122.436436
37.773872 , -122.43689
37.77495 , -122.436435
37.771716 , -122.437346
37.771357 , -122.437346
37.770998 , -122.437346
37.770998 , -122.436892
37.770998 , -122.437801
37.771357 , -122.437801
37.769561 , -122.439166
37.76992 , -122.43962
37.770279 , -122.440983
37.770638 , -122.440983
37.770638 , -122.441438
37.770279 , -122.443256
37.773513 , -122.433254
37.765608 , -122.429622
37.765608 , -122.429168
37.766327 , -122.429167
37.765967 , -122.428258
37.765608 , -122.428259
37.76453 , -122.426896
37.764171 , -122.426441
37.764171 , -122.425987
37.76453 , -122.425532
37.76453 , -122.424623
37.763811 , -122.424623
37.763452 , -122.424624
37.762733 , -122.424624
37.763452 , -122.426442
37.763811 , -122.426896
37.762733 , -122.426897
37.761655 , -122.428716
37.760937 , -122.428716
37.760577 , -122.428262
37.760577 , -122.430989
37.760937 , -122.430989
37.760937 , -122.431443
37.761655 , -122.430988
37.762015 , -122.430988
37.762374 , -122.431442
37.762733 , -122.432351
37.762374 , -122.432351
37.762374 , -122.432806
37.762733 , -122.43326
37.763452 , -122.43326
37.763811 , -122.433714
37.763093 , -122.434169
37.763093 , -122.434624
37.762733 , -122.434624
37.761296 , -122.43417
37.760577 , -122.433716
37.760577 , -122.433262
37.760218 , -122.433262
37.759859 , -122.433262
37.759859 , -122.432807
37.75914 , -122.432808
37.75914 , -122.433717
37.759859 , -122.434171
37.760577 , -122.434171
37.760577 , -122.434625
37.759859 , -122.435534
37.760577 , -122.435989
37.760577 , -122.436443
37.760218 , -122.436443
37.759859 , -122.436444
37.759499 , -122.436444
37.75914 , -122.435989
37.758781 , -122.43599
37.75914 , -122.435535
37.75914 , -122.43508
37.759499 , -122.43508
37.759859 , -122.43508
37.760218 , -122.43508
37.760577 , -122.43508
37.760577 , -122.435534
37.760937 , -122.435534
37.761296 , -122.435534
37.761655 , -122.435533
37.762015 , -122.435533
37.762374 , -122.435079
37.762733 , -122.435078
37.762733 , -122.435533
37.762015 , -122.437806
37.760577 , -122.438261
37.760218 , -122.43917
37.759499 , -122.439625
37.759499 , -122.438716
37.760218 , -122.436898
37.758781 , -122.436899
37.75914 , -122.436898
37.759499 , -122.437353
37.759859 , -122.437807
37.760577 , -122.437807
37.762015 , -122.436442
37.762015 , -122.435988
37.762374 , -122.435988
37.762733 , -122.435987
37.763093 , -122.435987
37.764171 , -122.430078
37.764171 , -122.430987
37.764889 , -122.431441
37.764889 , -122.431895
37.765249 , -122.431895
37.765249 , -122.43235
37.76453 , -122.433714
37.764171 , -122.433259
37.76453 , -122.432805
37.764171 , -122.432805
37.763811 , -122.432805
37.763811 , -122.432351
37.763811 , -122.431896
37.765967 , -122.43144
37.765967 , -122.430986
37.766327 , -122.430985
37.766686 , -122.43144
37.766327 , -122.43144
37.770279 , -122.432347
37.770638 , -122.432346
37.772435 , -122.430981
37.774232 , -122.431435
37.774591 , -122.431435
37.77531 , -122.431889
37.775669 , -122.431889
37.775669 , -122.43007
37.776388 , -122.43007
37.784293 , -122.42279
37.784293 , -122.423245
37.783934 , -122.423245
37.783215 , -122.422791
37.782496 , -122.421882
37.782137 , -122.421882
37.781778 , -122.422792
37.781418 , -122.423247
37.781059 , -122.421883
37.7807 , -122.421884
37.78034 , -122.421884
37.78034 , -122.422793
37.78034 , -122.423702
37.7807 , -122.424157
37.781418 , -122.424156
37.781418 , -122.424611
37.781778 , -122.425975
37.781418 , -122.426429
37.779981 , -122.425976
37.78034 , -122.426885
37.779622 , -122.42734
37.78034 , -122.427339
37.781059 , -122.427339
37.781778 , -122.427793
37.781778 , -122.429612
37.782137 , -122.430975
37.782496 , -122.430975
37.783215 , -122.430065
37.783574 , -122.429156
37.783934 , -122.42961
37.784652 , -122.429155
37.785012 , -122.429155
37.785012 , -122.42961
37.785012 , -122.430064
37.785371 , -122.430064
37.78573 , -122.430064
37.786808 , -122.430972
37.786808 , -122.432336
37.786808 , -122.432791
37.78609 , -122.432792
37.785371 , -122.431883
37.78609 , -122.431882
37.78609 , -122.431428
37.78609 , -122.430973
37.785371 , -122.430973
37.784652 , -122.431883
37.784652 , -122.432338
37.784293 , -122.432338
37.783574 , -122.431884
37.783934 , -122.431429
37.784652 , -122.431428
37.784652 , -122.430974
37.784652 , -122.430519
37.785012 , -122.430519
37.785371 , -122.430519
37.78573 , -122.430518
37.78609 , -122.430518
37.786449 , -122.430063
37.78609 , -122.429609
37.78609 , -122.4287
37.786449 , -122.429154
37.787167 , -122.429153
37.787167 , -122.428699
37.79112 , -122.428696
37.790042 , -122.428697
37.790401 , -122.428242
37.790042 , -122.427788
37.789683 , -122.427788
37.789323 , -122.427333
37.788605 , -122.427789
37.788245 , -122.427334
37.787886 , -122.42688
37.787886 , -122.427334
37.787527 , -122.427335
37.787167 , -122.427335
37.786808 , -122.427335
37.786808 , -122.42688
37.786808 , -122.425971
37.78609 , -122.425062
37.785371 , -122.425063
37.785371 , -122.424608
37.785371 , -122.423699
37.785012 , -122.423699
37.784652 , -122.423699
37.784293 , -122.423699
37.783934 , -122.424154
37.783215 , -122.425519
37.783934 , -122.425064
37.783934 , -122.425518
37.784652 , -122.425518
37.784293 , -122.425973
37.783934 , -122.426428
37.783215 , -122.427792
37.784293 , -122.428246
37.785012 , -122.427336
37.785371 , -122.426881
37.787167 , -122.427789
37.787886 , -122.4337
37.786808 , -122.4337
37.787167 , -122.4337
37.787167 , -122.434155
37.786808 , -122.434155
37.786449 , -122.43461
37.78609 , -122.434156
37.78573 , -122.433701
37.785371 , -122.433701
37.785012 , -122.433247
37.784293 , -122.433247
37.783934 , -122.433248
37.784293 , -122.433702
37.784293 , -122.434157
37.784652 , -122.434156
37.784652 , -122.434611
37.783574 , -122.434157
37.782856 , -122.433703
37.782856 , -122.433248
37.782856 , -122.432794
37.782496 , -122.433248
37.782137 , -122.433703
37.781778 , -122.433703
37.781418 , -122.433249
37.781418 , -122.432794
37.781059 , -122.432795
37.781418 , -122.434158
37.781778 , -122.435067
37.782496 , -122.435067
37.782856 , -122.435067
37.783215 , -122.435521
37.782856 , -122.435976
37.783215 , -122.436431
37.782496 , -122.436431
37.781778 , -122.435977
37.781778 , -122.436431
37.781418 , -122.436886
37.781418 , -122.437795
37.782137 , -122.439159
37.781778 , -122.439614
37.783215 , -122.440068
37.783934 , -122.438249
37.784293 , -122.438249
37.785012 , -122.437339
37.784293 , -122.436885
37.783934 , -122.436885
37.783934 , -122.43643
37.783934 , -122.435975
37.784293 , -122.435521
37.784652 , -122.435975
37.785371 , -122.435975
37.787527 , -122.436428
37.787167 , -122.435974
37.786808 , -122.435519
37.78609 , -122.437793
37.78609 , -122.436884
37.786808 , -122.436883
37.787167 , -122.437338
37.787167 , -122.437792
37.786808 , -122.438247
37.78609 , -122.438702
37.78609 , -122.439612
37.786449 , -122.440521
37.786808 , -122.440975
37.785371 , -122.444159
37.783934 , -122.442795
37.785012 , -122.442795
37.78609 , -122.44234
37.785371 , -122.441885
37.785012 , -122.441431
37.784652 , -122.440522
37.784293 , -122.440067
37.783934 , -122.440522
37.783215 , -122.440977
37.783215 , -122.441886
37.782137 , -122.443251
37.782856 , -122.44325
37.783574 , -122.444159
37.783215 , -122.444614
37.778544 , -122.447799
37.778184 , -122.448253
37.778184 , -122.448708
37.778184 , -122.449163
37.778544 , -122.450072
37.778184 , -122.449617
37.777106 , -122.449163
37.776388 , -122.448709
37.776028 , -122.448254
37.77531 , -122.448709
37.774232 , -122.4478
37.774232 , -122.447346
37.774232 , -122.446891
37.773872 , -122.446891
37.773513 , -122.446892
37.773513 , -122.445073
37.773872 , -122.444164
37.774232 , -122.443254
37.77495 , -122.443709
37.775669 , -122.443708
37.776028 , -122.442799
37.776028 , -122.44189
37.776028 , -122.440981
37.776388 , -122.44098
37.777106 , -122.441889
37.776747 , -122.443708
37.776747 , -122.444163
37.777825 , -122.444162
37.778544 , -122.444162
37.777466 , -122.446435
37.777106 , -122.447345
37.77531 , -122.446891
37.767405 , -122.476895
37.767045 , -122.477349
37.767405 , -122.477349
37.768123 , -122.477804
37.768483 , -122.477804
37.768842 , -122.477349
37.769201 , -122.477804
37.769561 , -122.477804
37.76992 , -122.477804
37.770279 , -122.477804
37.770279 , -122.477349
37.76992 , -122.476895
37.768483 , -122.47644
37.768123 , -122.475531
37.767764 , -122.475986
37.767045 , -122.475986
37.767045 , -122.475531
37.765608 , -122.475077
37.765967 , -122.475076
37.765967 , -122.474622
37.765608 , -122.474622
37.765249 , -122.474622
37.765608 , -122.474167
37.765967 , -122.474167
37.766327 , -122.474167
37.766327 , -122.474622
37.766686 , -122.474622
37.767045 , -122.474622
37.768123 , -122.474167
37.768483 , -122.474167
37.768483 , -122.474622
37.768483 , -122.475076
37.769561 , -122.475531
37.769201 , -122.475076
37.769201 , -122.474622
37.769201 , -122.474167
37.769201 , -122.473713
37.769561 , -122.461894
37.769561 , -122.462348
37.76992 , -122.462348
37.769561 , -122.462803
37.769201 , -122.462803
37.769561 , -122.463258
37.769201 , -122.463712
37.768842 , -122.463712
37.769201 , -122.464167
37.769561 , -122.464167
37.768483 , -122.464622
37.768483 , -122.465076
37.768483 , -122.465531
37.768483 , -122.465985
37.768842 , -122.465985
37.769201 , -122.46644
37.769561 , -122.465985
37.76992 , -122.465985
37.770279 , -122.465985
37.770279 , -122.466439
37.770279 , -122.466894
37.76992 , -122.466894
37.769561 , -122.466894
37.769201 , -122.466894
37.76992 , -122.467349
37.76992 , -122.467803
37.770279 , -122.467803
37.770638 , -122.467803
37.770638 , -122.467349
37.770998 , -122.465985
37.770998 , -122.466439
37.771357 , -122.466439
37.771357 , -122.465985
37.771716 , -122.465985
37.772076 , -122.465985
37.771716 , -122.46553
37.771716 , -122.465076
37.770998 , -122.465076
37.770998 , -122.464621
37.772076 , -122.464166
37.772435 , -122.464166
37.773154 , -122.464166
37.773154 , -122.465075
37.772794 , -122.465985
37.772794 , -122.466439
37.772076 , -122.466894
37.770998 , -122.466894
37.771357 , -122.466894
37.771357 , -122.467348
37.771716 , -122.467348
37.771716 , -122.467803
37.772076 , -122.467803
37.772435 , -122.467803
37.772794 , -122.467803
37.772435 , -122.468257
37.772076 , -122.468258
37.771716 , -122.468258
37.772435 , -122.468712
37.772794 , -122.468712
37.772435 , -122.469167
37.771716 , -122.47144
37.770998 , -122.47144
37.770998 , -122.470985
37.770998 , -122.470531
37.769201 , -122.47144
37.768483 , -122.470985
37.768483 , -122.470531
37.768123 , -122.470531
37.767764 , -122.470531
37.766327 , -122.471895
37.765608 , -122.470986
37.766327 , -122.470531
37.765967 , -122.470531
37.765967 , -122.470076
37.765967 , -122.469167
37.765608 , -122.467349
37.765967 , -122.467349
37.766686 , -122.467349
37.767045 , -122.467804
37.766686 , -122.467804
37.766686 , -122.468258
37.766327 , -122.468258
37.766327 , -122.468713
37.766686 , -122.468713
37.766686 , -122.469167
37.766327 , -122.469167
37.766327 , -122.469622
37.766686 , -122.470076
37.767045 , -122.470076
37.767045 , -122.470531
37.766686 , -122.470531
37.766686 , -122.470986
37.766327 , -122.470986
37.766327 , -122.47144
37.766686 , -122.47144
37.767045 , -122.471895
37.766686 , -122.472349
37.766327 , -122.472349
37.765967 , -122.472349
37.765608 , -122.472349
37.765967 , -122.472804
37.766327 , -122.472804
37.766686 , -122.472804
37.766686 , -122.473258
37.766327 , -122.473258
37.767045 , -122.473713
37.767405 , -122.473713
37.767764 , -122.473258
37.768123 , -122.473258
37.768483 , -122.473258
37.768123 , -122.472804
37.768123 , -122.472349
37.767405 , -122.472349
37.767405 , -122.471895
37.767764 , -122.471895
37.767764 , -122.47144
37.768123 , -122.47144
37.768483 , -122.47144
37.768483 , -122.471894
37.768842 , -122.472349
37.768842 , -122.472804
37.769201 , -122.472804
37.769561 , -122.472349
37.769561 , -122.471894
37.76992 , -122.47144
37.769561 , -122.470985
37.76992 , -122.470985
37.770279 , -122.470531
37.76992 , -122.470531
37.769561 , -122.470531
37.769201 , -122.470531
37.769201 , -122.470076
37.768483 , -122.469622
37.768483 , -122.470076
37.768123 , -122.470076
37.767764 , -122.470076
37.767405 , -122.470076
37.767405 , -122.469622
37.767764 , -122.469622
37.768123 , -122.469622
37.768123 , -122.469167
37.767764 , -122.469167
37.767405 , -122.469167
37.767405 , -122.468713
37.767764 , -122.468713
37.769561 , -122.469622
37.770998 , -122.467803
37.771357 , -122.467803
37.771357 , -122.468258
37.770998 , -122.468258
37.770638 , -122.468258
37.770279 , -122.468258
37.76992 , -122.468258
37.770279 , -122.468712
37.770638 , -122.468712
37.770998 , -122.468712
37.771357 , -122.468712
37.771716 , -122.469167
37.771716 , -122.469621
37.771716 , -122.470076
37.770998 , -122.470076
37.770638 , -122.470076
37.770279 , -122.470076
37.76992 , -122.470076
37.76992 , -122.469622
37.770279 , -122.469621
37.770638 , -122.469621
37.770638 , -122.469167
37.770279 , -122.469167
37.76992 , -122.469167
37.769561 , -122.469167
37.769561 , -122.468712
37.769201 , -122.468712
37.768842 , -122.468713
37.769201 , -122.468258
37.769201 , -122.467803
37.769201 , -122.467349
37.768842 , -122.467349
37.768483 , -122.467349
37.768483 , -122.467803
37.768842 , -122.467803
37.768123 , -122.468258
37.767764 , -122.468258
37.767405 , -122.468258
37.767764 , -122.467349
37.767764 , -122.465985
37.768123 , -122.465985
37.767764 , -122.464622
37.767045 , -122.46144
37.765967 , -122.459167
37.765608 , -122.457804
37.765967 , -122.457804
37.766327 , -122.457804
37.765967 , -122.458258
37.766327 , -122.458713
37.766686 , -122.458713
37.766686 , -122.459167
37.767405 , -122.459167
37.767764 , -122.458712
37.768123 , -122.458712
37.768123 , -122.458258
37.767764 , -122.458258
37.767764 , -122.457803
37.767764 , -122.457349
37.768483 , -122.457349
37.768123 , -122.457803
37.768123 , -122.459167
37.768123 , -122.459621
37.768483 , -122.459621
37.768123 , -122.460531
37.769201 , -122.46053
37.769201 , -122.460985
37.769201 , -122.461439
37.769561 , -122.461439
37.76992 , -122.460985
37.76992 , -122.460076
37.770998 , -122.46053
37.771716 , -122.461439
37.771716 , -122.461893
37.771716 , -122.462803
37.770998 , -122.462803
37.770638 , -122.462803
37.770998 , -122.463257
37.772794 , -122.463257
37.772794 , -122.461893
37.773872 , -122.460984
37.772076 , -122.460984
37.772076 , -122.46053
37.771716 , -122.46053
37.771716 , -122.460075
37.772076 , -122.45962
37.771716 , -122.459621
37.771357 , -122.459166
37.770638 , -122.459621
37.770638 , -122.459166
37.770638 , -122.458257
37.770998 , -122.457348
37.770998 , -122.455984
37.771357 , -122.455075
37.767764 , -122.453258
37.767045 , -122.452803
37.764171 , -122.453259
37.764889 , -122.455077
37.764889 , -122.456895
37.765608 , -122.457349
37.766327 , -122.45644
37.765608 , -122.455986
37.765967 , -122.455076
37.766686 , -122.455076
37.766327 , -122.454622
37.765967 , -122.454622
37.765967 , -122.453713
37.766327 , -122.453713
37.766686 , -122.454167
37.767045 , -122.453713
37.767405 , -122.453712
37.767764 , -122.453712
37.768123 , -122.454621
37.768842 , -122.455076
37.768842 , -122.454621
37.769201 , -122.454621
37.769561 , -122.454166
37.769201 , -122.454166
37.768842 , -122.454166
37.768842 , -122.453257
37.768483 , -122.453257
37.768483 , -122.452803
37.768842 , -122.452803
37.769201 , -122.452803
37.769201 , -122.452348
37.768842 , -122.452348
37.768842 , -122.451894
37.768123 , -122.451894
37.768123 , -122.450985
37.768483 , -122.449621
37.769201 , -122.449621
37.769561 , -122.450075
37.769561 , -122.45053
37.769201 , -122.45053
37.769201 , -122.450984
37.768842 , -122.450985
37.769201 , -122.451439
37.76992 , -122.451439
37.772076 , -122.451438
37.772076 , -122.451893
37.772794 , -122.452801
37.771716 , -122.452802
37.771357 , -122.453257
37.772435 , -122.453711
37.772794 , -122.454165
37.772435 , -122.455075
37.772076 , -122.455529
37.773154 , -122.456893
37.774232 , -122.456892
37.77495 , -122.458711
37.774232 , -122.459165
37.773872 , -122.458711
37.772794 , -122.458711
37.772794 , -122.458257
37.772794 , -122.457802
37.772794 , -122.457347
37.772794 , -122.456893
37.772435 , -122.456438
37.773154 , -122.455983
37.774232 , -122.455529
37.774232 , -122.454619
37.776747 , -122.455073
37.777825 , -122.453709
37.778184 , -122.452345
37.777106 , -122.453709
37.775669 , -122.453255
37.77531 , -122.453255
37.77495 , -122.45371
37.774591 , -122.453255
37.77495 , -122.452801
37.77531 , -122.452801
37.775669 , -122.452801
37.776028 , -122.452346
37.776388 , -122.452346
37.775669 , -122.450982
37.776028 , -122.451437
37.776388 , -122.450982
37.776028 , -122.450073
37.776747 , -122.450072
37.77495 , -122.450528
37.77531 , -122.450982
37.77531 , -122.451437
37.77531 , -122.451891
37.77495 , -122.451892
37.774591 , -122.451892
37.773872 , -122.452347
37.773154 , -122.451892
37.773154 , -122.451438
37.772794 , -122.451438
37.773154 , -122.450528
37.773154 , -122.450074
37.773154 , -122.449619
37.773154 , -122.449165
37.773154 , -122.44871
37.773513 , -122.44871
37.773872 , -122.448255
37.773513 , -122.447801
37.773513 , -122.447346
37.772076 , -122.447801
37.772794 , -122.448256
37.772076 , -122.44871
37.772076 , -122.448256
37.771357 , -122.448256
37.770638 , -122.447347
37.770638 , -122.446893
37.771357 , -122.446438
37.770998 , -122.446438
37.770638 , -122.446438
37.770638 , -122.445984
37.770279 , -122.445984
37.76992 , -122.445984
37.76992 , -122.446438
37.76992 , -122.446893
37.769561 , -122.446893
37.769561 , -122.447348
37.769561 , -122.447802
37.769561 , -122.448257
37.769201 , -122.448712
37.769201 , -122.449166
37.769561 , -122.449166
37.769561 , -122.448711
37.768842 , -122.446439
37.768842 , -122.445984
37.769561 , -122.445984
37.769561 , -122.445529
37.76992 , -122.445529
37.76992 , -122.445075
37.76992 , -122.44462
37.76992 , -122.444166
37.770279 , -122.444165
37.76992 , -122.443711
37.769201 , -122.442802
37.769561 , -122.442347
37.770279 , -122.442347
37.770998 , -122.442347
37.771357 , -122.441892
37.772076 , -122.441437
37.772794 , -122.441891
37.772794 , -122.442801
37.773872 , -122.4428
37.774232 , -122.441891
37.77495 , -122.44189
37.772435 , -122.440073
37.772435 , -122.439619
37.772435 , -122.439164
37.773513 , -122.438709
37.773154 , -122.438709
37.772794 , -122.438709
37.772435 , -122.438709
37.772435 , -122.438255
37.772076 , -122.4378
37.772435 , -122.4378
37.772794 , -122.437345
37.773154 , -122.437345
37.773872 , -122.437799
37.774232 , -122.438254
37.774591 , -122.438708
37.774591 , -122.438254
37.77495 , -122.438254
37.77531 , -122.437799
37.77531 , -122.438253
37.775669 , -122.438708
37.77531 , -122.438708
37.774591 , -122.440072
37.77531 , -122.439617
37.776388 , -122.439617
37.777466 , -122.439616
37.778184 , -122.439161
37.777466 , -122.438707
37.777106 , -122.438707
37.776747 , -122.438707
37.776388 , -122.438253
37.776747 , -122.436889
37.777825 , -122.435524
37.777466 , -122.435979
37.776747 , -122.43507
37.775669 , -122.434616
37.77531 , -122.435071
37.77495 , -122.435071
37.773872 , -122.434617
37.774232 , -122.434163
37.774591 , -122.433253
37.775669 , -122.433252
37.775669 , -122.433707
37.776028 , -122.433707
37.776028 , -122.434161
37.776388 , -122.434161
37.777106 , -122.434161
37.778184 , -122.432342
37.777106 , -122.432797
37.777106 , -122.432342
37.777466 , -122.431433
37.779262 , -122.429159
37.778903 , -122.429159
37.777825 , -122.429614
37.777825 , -122.42916
37.777825 , -122.428705
37.776747 , -122.428706
37.775669 , -122.428252
37.776028 , -122.427797
37.775669 , -122.427343
37.776028 , -122.426888
37.775669 , -122.426433
37.776028 , -122.425979
37.777825 , -122.425523
37.777466 , -122.425068
37.777825 , -122.423704
37.777106 , -122.422795
37.777825 , -122.42234
37.778184 , -122.42234
37.778544 , -122.421885
37.778903 , -122.42143
37.778544 , -122.421431
37.778184 , -122.421431
37.777466 , -122.421431
37.776747 , -122.421432
37.776388 , -122.421887
37.776747 , -122.421887
37.776747 , -122.422341
37.776388 , -122.422796
37.776388 , -122.423705
37.776747 , -122.423705
37.777106 , -122.423705
37.776747 , -122.42416
37.776747 , -122.424614
37.776747 , -122.425069
37.776028 , -122.425069
37.775669 , -122.424615
37.776028 , -122.424615
37.776028 , -122.42416
37.775669 , -122.423706
37.776028 , -122.423706
37.776028 , -122.423251
37.775669 , -122.423251
37.774591 , -122.423252
37.774591 , -122.423707
37.773872 , -122.424162
37.773513 , -122.424617
37.773513 , -122.425071
37.773154 , -122.425526
37.772794 , -122.425526
37.773154 , -122.425981
37.773513 , -122.426435
37.773513 , -122.426889
37.773154 , -122.42689
37.772794 , -122.42689
37.772435 , -122.42689
37.772076 , -122.42689
37.772794 , -122.427345
37.773154 , -122.427344
37.773513 , -122.427799
37.773154 , -122.427799
37.772794 , -122.427799
37.772435 , -122.427799
37.772076 , -122.4278
37.771357 , -122.4278
37.771357 , -122.427346
37.771357 , -122.426891
37.771357 , -122.425982
37.770638 , -122.425982
37.770279 , -122.425983
37.770279 , -122.425528
37.770638 , -122.425073
37.770998 , -122.425073
37.770638 , -122.424619
37.770998 , -122.423709
37.770998 , -122.424164
37.771357 , -122.424618
37.771716 , -122.424163
37.772076 , -122.423708
37.771716 , -122.423254
37.771357 , -122.423254
37.771357 , -122.4228
37.771357 , -122.421891
37.771357 , -122.421436
37.772076 , -122.421435
37.772435 , -122.42189
37.772076 , -122.42189
37.772076 , -122.422345
37.772435 , -122.422344
37.772794 , -122.422344
37.773513 , -122.422798
37.773872 , -122.422798
37.774232 , -122.422343
37.773872 , -122.421889
37.773154 , -122.421435
37.772794 , -122.421435
37.772435 , -122.420981
37.772794 , -122.42098
37.772794 , -122.420526
37.773154 , -122.420525
37.773154 , -122.420071
37.772435 , -122.420071
37.772076 , -122.420072
37.772076 , -122.420526
37.771357 , -122.420072
37.770638 , -122.420982
37.770279 , -122.420982
37.76992 , -122.420983
37.76992 , -122.421437
37.769561 , -122.421437
37.76992 , -122.421892
37.76992 , -122.422346
37.770279 , -122.422346
37.770279 , -122.422801
37.76992 , -122.422801
37.769561 , -122.422801
37.769201 , -122.422801
37.768842 , -122.422347
37.769201 , -122.421892
37.768842 , -122.421892
37.768483 , -122.422802
37.768123 , -122.422802
37.767764 , -122.422802
37.767764 , -122.422348
37.767764 , -122.421893
37.767045 , -122.422348
37.766686 , -122.422349
37.766327 , -122.422349
37.766327 , -122.422803
37.765967 , -122.422804
37.765967 , -122.423258
37.765967 , -122.424622
37.767405 , -122.425075
37.767764 , -122.42553
37.767764 , -122.425075
37.767764 , -122.424621
37.767764 , -122.423712
37.76992 , -122.423255
37.769201 , -122.424165
37.76992 , -122.425074
37.769201 , -122.425074
37.769201 , -122.425983
37.769561 , -122.425983
37.76992 , -122.426437
37.770638 , -122.426891
37.770638 , -122.427346
37.770279 , -122.427801
37.76992 , -122.427347
37.769201 , -122.427347
37.768483 , -122.427347
37.768483 , -122.427802
37.769201 , -122.427802
37.769201 , -122.428256
37.769201 , -122.429165
37.768842 , -122.42962
37.768123 , -122.429621
37.767764 , -122.429621
37.767405 , -122.429621
37.766686 , -122.430076
37.766686 , -122.429621
37.767045 , -122.429167
37.767405 , -122.429166
37.767405 , -122.428712
37.767405 , -122.427803
37.766327 , -122.426894
37.765967 , -122.427349
37.765249 , -122.42735
37.765249 , -122.427804
37.764171 , -122.428259
37.764171 , -122.427805
37.764171 , -122.42735
37.763811 , -122.427351
37.763452 , -122.427351
37.762733 , -122.427806
37.762733 , -122.428715
37.762374 , -122.428715
37.762374 , -122.42917
37.762015 , -122.42917
37.762374 , -122.430079
37.761655 , -122.430079
37.760937 , -122.429625
37.760937 , -122.429171
37.760218 , -122.429171
37.759499 , -122.428717
37.759499 , -122.428263
37.759499 , -122.427808
37.759499 , -122.426899
37.759859 , -122.426444
37.760937 , -122.426444
37.761655 , -122.426443
37.761296 , -122.425989
37.760937 , -122.42508
37.760937 , -122.424626
37.761296 , -122.424171
37.762015 , -122.423261
37.762733 , -122.423715
37.763093 , -122.42326
37.763811 , -122.42326
37.76453 , -122.423714
37.764889 , -122.423259
37.76453 , -122.423259
37.76453 , -122.422805
37.763811 , -122.422351
37.763452 , -122.422351
37.763093 , -122.422351
37.762374 , -122.422352
37.762015 , -122.421898
37.762374 , -122.421897
37.762733 , -122.421897
37.762733 , -122.421443
37.762733 , -122.420988
37.762733 , -122.420534
37.763093 , -122.420533
37.763093 , -122.420079
37.762733 , -122.420079
37.762374 , -122.420079
37.761655 , -122.42008
37.761655 , -122.419625
37.760937 , -122.419626
37.760937 , -122.42008
37.760218 , -122.419626
37.759859 , -122.420081
37.759499 , -122.419627
37.75914 , -122.419173
37.75914 , -122.418718
37.759859 , -122.418718
37.759859 , -122.417809
37.760577 , -122.417354
37.760937 , -122.417353
37.761296 , -122.417353
37.761655 , -122.416898
37.762733 , -122.415534
37.762015 , -122.415534
37.762374 , -122.414625
37.762015 , -122.413262
37.761296 , -122.413262
37.761296 , -122.412353
37.760577 , -122.411445
37.760218 , -122.410991
37.759859 , -122.411446
37.759499 , -122.4119
37.759499 , -122.412355
37.758781 , -122.412356
37.758062 , -122.412811
37.757343 , -122.412811
37.755906 , -122.412813
37.755547 , -122.413267
37.756265 , -122.413721
37.755906 , -122.41463
37.755547 , -122.414176
37.755187 , -122.414177
37.755187 , -122.414631
37.755547 , -122.415085
37.755547 , -122.41554
37.755547 , -122.415994
37.755187 , -122.415995
37.755187 , -122.417812
37.755187 , -122.417358
37.755906 , -122.418266
37.755187 , -122.418721
37.75375 , -122.418723
37.753391 , -122.418268
37.753391 , -122.417814
37.753391 , -122.417359
37.75375 , -122.416905
37.753391 , -122.41645
37.75375 , -122.41645
37.75375 , -122.415996
37.753391 , -122.415087
37.75375 , -122.414632
37.75375 , -122.413723
37.754109 , -122.413723
37.754109 , -122.413269
37.754109 , -122.41236
37.754469 , -122.412359
37.754469 , -122.411905
37.754109 , -122.410996
37.754109 , -122.410542
37.753391 , -122.409633
37.754109 , -122.409178
37.75375 , -122.408724
37.754828 , -122.408269
37.755547 , -122.407359
37.756984 , -122.408267
37.756984 , -122.410085
37.757343 , -122.410084
37.75914 , -122.405538
37.759499 , -122.405537
37.75914 , -122.404629
37.758062 , -122.40463
37.757703 , -122.404176
37.758062 , -122.402357
37.759499 , -122.403265
37.759859 , -122.403719
37.761296 , -122.403717
37.762015 , -122.403262
37.766686 , -122.405076
37.767045 , -122.406439
37.767045 , -122.407348
37.766327 , -122.407803
37.766686 , -122.408712
37.767764 , -122.408257
37.769201 , -122.409164
37.76992 , -122.409618
37.770279 , -122.410073
37.770279 , -122.410527
37.770998 , -122.410072
37.771357 , -122.409617
37.771716 , -122.409617
37.771716 , -122.409162
37.770998 , -122.409163
37.770638 , -122.408254
37.769561 , -122.408255
37.769561 , -122.4078
37.770638 , -122.40689
37.770998 , -122.407344
37.769561 , -122.405528
37.771716 , -122.40598
37.771357 , -122.405526
37.770279 , -122.404618
37.769561 , -122.404618
37.769201 , -122.404619
37.769201 , -122.404164
37.768483 , -122.404619
37.768123 , -122.405074
37.767764 , -122.404166
37.767405 , -122.40462
37.767045 , -122.404166
37.766686 , -122.404167
37.765967 , -122.404167
37.765608 , -122.403713
37.764889 , -122.404168
37.76453 , -122.404169
37.763093 , -122.405079
37.762733 , -122.406443
37.762015 , -122.406444
37.761655 , -122.40599
37.761655 , -122.406444
37.761655 , -122.407353
37.762733 , -122.408261
37.763452 , -122.408261
37.763811 , -122.407806
37.764171 , -122.407351
37.764171 , -122.406442
37.76453 , -122.406896
37.765249 , -122.40735
37.765249 , -122.407804
37.764889 , -122.407805
37.764171 , -122.408714
37.76453 , -122.410078
37.764171 , -122.410078
37.764171 , -122.410533
37.764889 , -122.410987
37.762733 , -122.410079
37.763452 , -122.411442
37.763093 , -122.411897
37.763452 , -122.411897
37.763811 , -122.411897
37.763811 , -122.412351
37.763811 , -122.41326
37.763452 , -122.412806
37.762733 , -122.412352
37.762015 , -122.411444
37.761655 , -122.410535
37.761296 , -122.410535
37.761296 , -122.409172
37.760937 , -122.408718
37.759859 , -122.409628
37.75914 , -122.410992
37.760218 , -122.412809
37.760577 , -122.413263
37.760218 , -122.413263
37.759499 , -122.413718
37.759859 , -122.414627
37.759499 , -122.415536
37.759499 , -122.416445
37.758781 , -122.416446
37.758781 , -122.415992
37.758421 , -122.415992
37.758421 , -122.415537
37.758421 , -122.415083
37.758781 , -122.415083
37.758421 , -122.413719
37.757703 , -122.41372
37.757343 , -122.414175
37.756984 , -122.415084
37.756625 , -122.415539
37.756984 , -122.415993
37.755547 , -122.409177
37.754828 , -122.409632
37.755547 , -122.410086
37.755547 , -122.410995
37.755547 , -122.411449
37.755547 , -122.411904
37.755906 , -122.411904
37.756625 , -122.411903
37.756984 , -122.411448
37.757343 , -122.410993
37.758062 , -122.410993
37.758421 , -122.410538
37.758781 , -122.410083
37.758781 , -122.409629
37.758781 , -122.409174
37.758781 , -122.408265
37.758781 , -122.407811
37.757703 , -122.406903
37.756625 , -122.406904
37.756625 , -122.405995
37.756265 , -122.40554
37.755187 , -122.405542
37.754828 , -122.405542
37.754828 , -122.405996
37.755187 , -122.405996
37.755187 , -122.40645
37.754828 , -122.406905
37.753391 , -122.406907
37.754469 , -122.404633
37.754469 , -122.404179